Iteração	Potencia	Cond 1	Cond 2	Cond 3	Cond 4	Cond 5	Cond 6	Cond 7	Cond 8	Cond 9	Cond 10	Liquido 1	Liquido 2	Liquido 3	Evap 1	Evap 2	Evap 3	Evap 4	Vapor 1	Vapor 2	Vapor 3	Tamb	Evap 3I	Evap 2I	
1,000000	42,924800	125,289348	120,816489	113,662277	99,494900	66,911313	61,790732	57,906292	55,092112	50,896203	46,315665	22,604091	23,135416
2,000000	42,924800	125,295927	120,822273	113,668732	99,498838	66,915018	61,796817	57,920630	55,091879	50,920525	46,335060	22,620036	23,129347
3,000000	42,924800	125,296308	120,823590	113,664061	99,499114	66,925349	61,804184	57,904924	55,116360	50,916378	46,335510	22,641059	23,180604
4,000000	42,924800	125,305610	120,825133	113,663945	99,495275	66,939896	61,817753	57,918306	55,145003	50,927279	46,336402	22,624626	23,239430
5,000000	42,924800	125,300642	120,824412	113,674391	99,500235	66,945452	61,821777	57,930211	55,205424	50,924325	46,322365	22,618526	23,290055
6,000000	42,924800	125,297328	120,830021	113,663459	99,502685	66,950638	61,828698	57,947886	55,250717	50,955525	46,324252	22,658361	23,319661
7,000000	42,924800	125,308313	120,826180	113,669858	99,508294	66,967760	61,842290	58,075258	55,260575	50,957653	46,382589	22,617546	23,245056
8,000000	42,924800	125,313528	120,825186	113,674828	99,518090	66,984779	61,849308	58,060419	55,263296	50,965351	46,443036	22,614090	23,174435
9,000000	42,924800	125,318486	120,836676	113,684801	99,527417	66,994000	61,864971	58,006760	55,276845	50,972827	46,493478	22,625218	23,186928
10,000000	42,924800	125,315126	120,833615	113,680436	99,532192	67,010627	61,871556	58,058884	55,253630	50,991730	46,526989	22,649715	23,309344
11,000000	42,924800	125,331186	120,834850	113,681004	99,531045	67,010573	61,871959	57,920912	55,199733	50,957828	46,461895	22,686304	23,375324
12,000000	42,924800	125,327971	120,828526	113,676762	99,540596	67,021190	61,875694	57,857472	55,065150	50,928517	46,390628	22,694696	23,284627
13,000000	42,924800	125,331103	120,831775	113,684033	99,545933	67,030092	61,882920	57,818601	54,995667	50,866118	46,327385	22,702383	23,292686
14,000000	42,924800	125,326595	120,836857	113,685315	99,542626	67,036740	61,880404	57,825168	55,004691	50,826274	46,277555	22,691935	23,257544
15,000000	42,924800	125,344330	120,844153	113,697309	99,554715	67,045757	61,895380	57,883123	55,025825	50,760363	46,254818	22,682769	23,260476
16,000000	42,924800	125,350587	120,839897	113,696891	99,561330	67,047095	61,894804	57,814299	55,034405	50,747019	46,211392	22,642264	23,136057
17,000000	42,924800	125,351919	120,846772	113,697962	99,559468	67,043093	61,897981	57,849445	54,996832	50,734138	46,215698	22,628255	23,088203
18,000000	42,924800	125,352447	120,845437	113,687342	99,557884	67,031874	61,889036	57,836005	54,944200	50,702673	46,201913	22,637835	23,186793
19,000000	42,924800	125,357628	120,846083	113,693114	99,563882	67,031894	61,880147	57,768939	54,944256	50,705371	46,171348	22,666248	23,260727
20,000000	42,924800	125,373716	120,848279	113,706292	99,575786	67,027028	61,886675	57,784548	54,983636	50,746483	46,169645	22,683764	23,293977
21,000000	42,924800	125,371971	120,855273	113,713429	99,572416	67,015501	61,883819	57,767606	54,947052	50,765749	46,195251	22,688309	23,319014
22,000000	42,924800	125,382201	120,859811	113,704407	99,574225	66,999443	61,876133	57,790161	54,986651	50,759904	46,183004	22,680032	23,265927
23,000000	42,924800	125,376304	120,857865	113,703606	99,571015	66,988155	61,865524	57,885237	54,992083	50,761148	46,220391	22,660956	23,183493
24,000000	42,924800	125,377256	120,862426	113,712754	99,577040	66,982554	61,859954	57,820054	54,981799	50,763188	46,226610	22,653706	23,103684
25,000000	42,924800	125,383325	120,860813	113,714386	99,575320	66,963889	61,855237	57,827368	55,024472	50,729334	46,151138	22,660821	23,167715
26,000000	42,924800	125,389641	120,859191	113,713288	99,569050	66,954385	61,846684	57,757816	54,935555	50,706911	46,131034	22,686533	23,307986
27,000000	42,924800	125,388837	120,865203	113,717661	99,574680	66,927481	61,830276	57,719183	54,984201	50,682472	46,114371	22,707680	23,335912
28,000000	42,924800	125,388460	120,862186	113,713111	99,567274	66,913126	61,819371	57,801690	54,968664	50,658737	46,096485	22,709547	23,310051
29,000000	42,924800	125,392111	120,864765	113,710434	99,563376	66,902899	61,815055	57,829718	54,990793	50,641429	46,089901	22,725664	23,279456
30,000000	42,924800	125,403226	120,867781	113,722758	99,568295	66,907922	61,821423	57,717973	54,977554	50,682283	46,122904	22,725500	23,288852
31,000000	42,924800	125,402142	120,876277	113,726139	99,555374	66,892512	61,817671	57,804475	54,910408	50,650153	46,127687	22,736623	23,315985
32,000000	42,924800	125,403720	120,873876	113,722378	99,556779	66,873462	61,808649	57,767079	54,895668	50,672308	46,155586	22,751028	23,353966
33,000000	42,924800	125,408416	120,886033	113,726101	99,553542	66,864599	61,807051	57,789171	54,929603	50,663752	46,176118	22,770660	23,398732
34,000000	42,924800	125,414075	120,883590	113,727477	99,553486	66,861627	61,809073	57,818908	54,926349	50,657794	46,167881	22,762812	23,402441
35,000000	42,924800	125,413150	120,888578	113,726510	99,546750	66,859985	61,798551	57,894432	54,963250	50,624332	46,171248	22,781872	23,445714
36,000000	42,924800	125,415844	120,892576	113,730344	99,552064	66,860966	61,805258	57,854397	54,950150	50,673793	46,180554	22,789724	23,509902
37,000000	42,924800	125,421500	120,888039	113,730589	99,541318	66,850734	61,801997	57,828768	54,925405	50,664948	46,184588	22,791173	23,431987
38,000000	42,924800	125,415534	120,887793	113,728807	99,535976	66,841824	61,790919	57,831385	54,893075	50,663725	46,173462	22,791082	23,409263
39,000000	42,924800	125,409691	120,888185	113,720061	99,528700	66,838593	61,790182	57,832999	54,935747	50,660539	46,140209	22,801404	23,417277
40,000000	42,924800	125,419378	120,890053	113,723367	99,522510	66,823345	61,786393	57,792560	55,002377	50,660528	46,115338	22,827239	23,474235
41,000000	42,924800	125,426231	120,892221	113,723904	99,522727	66,827822	61,793138	57,973272	54,985243	50,684065	46,118095	22,801822	23,407410
42,000000	42,924800	125,433767	120,895109	113,731458	99,521942	66,827309	61,791855	57,911349	55,022612	50,714904	46,147749	22,827828	23,423174
43,000000	42,924800	125,423587	120,901496	113,726949	99,515641	66,835710	61,791023	57,887813	55,018388	50,727216	46,155280	22,869846	23,448241
44,000000	42,924800	125,434013	120,902370	113,725183	99,512540	66,832047	61,790356	57,911695	55,035994	50,744171	46,165889	22,850191	23,397030
45,000000	42,924800	125,437076	120,903716	113,734898	99,519811	66,836009	61,791732	57,898199	55,002259	50,736062	46,180265	22,862021	23,396459
46,000000	42,924800	125,432038	120,893915	113,713833	99,496922	66,824670	61,780513	57,821475	54,924171	50,718444	46,175302	22,834831	23,450852
47,000000	42,924800	125,430250	120,895687	113,715215	99,503151	66,839327	61,791358	57,811554	54,946977	50,741110	46,168348	22,831102	23,428736
48,000000	42,924800	125,438687	120,900865	113,717849	99,499265	66,841153	61,791391	57,785495	54,925981	50,729786	46,167400	22,840254	23,381523
49,000000	42,924800	125,442436	120,898751	113,720262	99,493957	66,839793	61,794591	57,815026	54,930298	50,698102	46,162846	22,867489	23,387086
50,000000	42,924800	125,436766	120,901119	113,708861	99,491176	66,843032	61,792734	57,894533	54,885732	50,700826	46,184939	22,862774	23,434297
51,000000	42,924800	125,439573	120,902368	113,717076	99,501964	66,841513	61,789610	57,853945	54,951114	50,735801	46,200331	22,864125	23,407660
52,000000	42,924800	125,443251	120,896933	113,712229	99,487608	66,831960	61,782384	57,779097	55,012941	50,700161	46,133531	22,870546	23,421109
53,000000	42,924800	125,453195	120,898384	113,715555	99,493632	66,839203	61,790467	57,829218	55,021098	50,677523	46,137448	22,873127	23,431333
54,000000	42,924800	125,452375	120,901613	113,713552	99,491817	66,833950	61,789451	57,838618	55,047341	50,668780	46,139324	22,879665	23,387700
55,000000	42,924800	125,447681	120,898400	113,714597	99,487104	66,833534	61,791901	57,845726	55,031845	50,657026	46,178750	22,870026	23,328669
56,000000	42,924800	125,455678	120,902556	113,711866	99,487570	66,835114	61,784644	57,854334	55,048961	50,647727	46,168348	22,871919	23,395296
57,000000	42,924800	125,450036	120,901704	113,709506	99,488679	66,839482	61,777363	57,841499	55,036417	50,697420	46,183838	22,820155	23,330473
58,000000	42,924800	125,460513	120,908259	113,720641	99,488464	66,841430	61,790394	57,944459	55,053407	50,700767	46,227800	22,830185	23,314566
59,000000	42,924800	125,456018	120,912356	113,714975	99,487025	66,832819	61,787962	57,876519	54,974343	50,694244	46,179027	22,830169	23,295505
60,000000	42,924800	125,449724	120,908628	113,710068	99,482709	66,825589	61,775210	57,839227	54,961142	50,691424	46,130631	22,835885	23,247559
61,000000	42,924800	125,459513	120,910920	113,713054	99,486458	66,828743	61,776246	57,845588	55,029317	50,694494	46,145007	22,829679	23,241014
62,000000	42,924800	125,455398	120,910832	113,710817	99,486962	66,827486	61,778417	57,795091	54,997530	50,700253	46,132018	22,835933	23,231657
63,000000	42,924800	125,449666	120,902263	113,715711	99,482130	66,821256	61,774436	57,793151	54,955708	50,702661	46,125030	22,846051	23,245516
64,000000	42,924800	125,446369	120,901808	113,709724	99,479733	66,824761	61,767486	57,801927	54,939480	50,684420	46,120133	22,842318	23,251347
65,000000	42,924800	125,442768	120,908125	113,709035	99,472650	66,827669	61,772175	57,812755	54,922821	50,668457	46,116403	22,847782	23,289620
66,000000	42,924800	125,442361	120,904756	113,711073	99,478221	66,816739	61,766233	57,838928	54,953925	50,664863	46,129496	22,841417	23,232433
67,000000	42,924800	125,443258	120,909423	113,712514	99,484378	66,825457	61,768078	57,722411	54,902076	50,660967	46,135968	22,858604	23,237787
68,000000	42,924800	125,446134	120,909421	113,710989	99,480793	66,834693	61,767545	57,694741	54,819879	50,666036	46,132322	22,865697	23,267210
69,000000	42,924800	125,441089	120,909555	113,711313	99,478698	66,831041	61,762767	57,792747	54,842815	50,658400	46,136445	22,870233	23,313656
70,000000	42,924800	125,432557	120,902995	113,705013	99,477410	66,817638	61,759971	57,838796	54,912567	50,654066	46,160435	22,879675	23,295824
71,000000	42,924800	125,442821	120,919277	113,720952	99,488051	66,830638	61,768302	57,816883	54,918248	50,653317	46,195229	22,886749	23,263538
72,000000	42,924800	125,435806	120,908614	113,712146	99,478420	66,821479	61,758470	57,760645	54,904255	50,662801	46,178553	22,898871	23,300126
73,000000	42,924800	125,438623	120,909294	113,711595	99,477724	66,819023	61,758794	57,787244	54,910358	50,657158	46,156874	22,909900	23,378368
74,000000	42,924800	125,438372	120,903539	113,705906	99,475100	66,815513	61,755715	57,739021	54,905621	50,662297	46,132053	22,904909	23,447326
75,000000	42,924800	125,439425	120,900933	113,703064	99,476382	66,814866	61,754651	57,701427	54,903883	50,625156	46,102945	22,897799	23,435178
76,000000	42,924800	125,438983	120,903415	113,706542	99,476580	66,812618	61,751468	57,787504	54,902302	50,617918	46,108237	22,903073	23,411848
77,000000	42,924800	125,440094	120,902377	113,705375	99,474756	66,806302	61,754435	57,813909	54,971283	50,679651	46,110357	22,897849	23,322356
78,000000	42,924800	125,442036	120,903077	113,700483	99,469159	66,812499	61,757049	57,843527	55,027390	50,714693	46,153923	22,911219	23,412027
79,000000	42,924800	125,444021	120,908196	113,703724	99,471873	66,819756	61,768640	57,914016	55,072230	50,729118	46,193917	22,919423	23,443626
80,000000	42,924800	125,438667	120,900748	113,701391	99,467529	66,816043	61,753137	57,896869	55,051393	50,759335	46,229437	22,930694	23,464405
81,000000	42,924800	125,440756	120,906679	113,705444	99,478780	66,822105	61,752264	57,900842	55,025940	50,748722	46,186139	22,942929	23,508162
82,000000	42,924800	125,439408	120,910501	113,709358	99,473047	66,828649	61,760833	57,756885	54,972667	50,719614	46,155422	22,957678	23,527404
83,000000	42,924800	125,430429	120,904231	113,703315	99,470857	66,834937	61,753324	57,771130	54,970984	50,703192	46,164988	22,931123	23,527562
84,000000	42,924800	125,438972	120,902986	113,702591	99,472776	66,836859	61,755460	57,864768	54,966705	50,720766	46,192207	22,938669	23,584709
85,000000	42,924800	125,430100	120,898721	113,698253	99,471897	66,839090	61,763908	57,890088	54,948888	50,732327	46,223214	22,980665	23,558543
86,000000	42,924800	125,434537	120,901321	113,699104	99,474328	66,840290	61,769784	57,878376	54,994829	50,736097	46,225703	22,990265	23,606962
87,000000	42,924800	125,428008	120,905912	113,702528	99,469854	66,841916	61,775195	57,859378	55,086554	50,722867	46,191187	22,967687	23,575011
88,000000	42,924800	125,429512	120,902150	113,704440	99,473701	66,854266	61,784197	57,881045	55,134550	50,715190	46,183443	22,953437	23,506387
89,000000	42,924800	125,441034	120,904996	113,709324	99,483909	66,868984	61,787155	57,891340	55,103167	50,747288	46,195095	22,972520	23,486650
90,000000	42,924800	125,428968	120,894075	113,702200	99,479286	66,868452	61,788129	57,817404	54,996236	50,730063	46,190710	22,957756	23,459783
91,000000	42,924800	125,442732	120,909665	113,707006	99,488682	66,887087	61,788470	57,838343	55,039934	50,766233	46,170118	22,961354	23,488722
92,000000	42,924800	125,440978	120,905262	113,704996	99,482409	66,893587	61,792833	57,860512	55,123431	50,820175	46,182205	22,955811	23,442587
93,000000	42,924800	125,437171	120,899918	113,703461	99,484063	66,888911	61,792475	57,837238	55,045425	50,778785	46,168766	22,963625	23,451195
94,000000	42,924800	125,442691	120,903447	113,707784	99,493962	66,898423	61,798629	57,807529	54,992245	50,769668	46,155625	22,999450	23,463321
95,000000	42,924800	125,433709	120,904541	113,706784	99,497492	66,901521	61,800861	57,913673	55,034740	50,749346	46,164066	23,029103	23,588421
96,000000	42,924800	125,435878	120,903893	113,705293	99,493178	66,911284	61,810599	57,899679	54,971804	50,769718	46,213307	23,003832	23,561004
97,000000	42,924800	125,430834	120,901679	113,707951	99,496525	66,906958	61,806531	57,795787	55,000970	50,741636	46,169099	22,990136	23,497442
98,000000	42,924800	125,429201	120,892669	113,704209	99,488814	66,902250	61,802454	57,815273	55,052170	50,704296	46,180227	22,993971	23,447333
99,000000	42,924800	125,436007	120,900645	113,712532	99,501273	66,915063	61,807873	57,909708	55,036455	50,731756	46,200521	22,987203	23,403448
100,000000	42,924800	125,430051	120,903691	113,717679	99,506766	66,913039	61,815620	57,885929	55,028071	50,751848	46,197249	22,975501	23,477202
101,000000	42,924800	125,434890	120,905665	113,713282	99,507820	66,911450	61,808052	57,934800	55,111802	50,753611	46,209903	22,985830	23,530793
102,000000	42,924800	125,438905	120,907358	113,710195	99,511974	66,906292	61,811510	57,856271	54,997849	50,747968	46,124093	23,002123	23,500778
103,000000	42,924800	125,441886	120,909199	113,715545	99,516046	66,913859	61,812901	57,829224	54,970918	50,724401	46,120354	23,007837	23,508435
104,000000	42,924800	125,436762	120,904042	113,718386	99,511574	66,907063	61,798221	57,811688	54,930022	50,713092	46,138912	23,014581	23,498926
105,000000	42,924800	125,448277	120,915149	113,724042	99,521175	66,912714	61,811588	57,828081	54,922736	50,730132	46,157601	23,026281	23,508358
106,000000	42,924800	125,439483	120,899768	113,705459	99,515805	66,893771	61,797092	57,867873	54,933946	50,744471	46,191157	23,007105	23,438013
107,000000	42,924800	125,447271	120,911274	113,718754	99,526966	66,905705	61,805548	57,872179	54,990861	50,779488	46,187214	23,001975	23,425930
108,000000	42,924800	125,440453	120,903993	113,713110	99,515750	66,887430	61,792180	57,865637	55,045311	50,777476	46,167774	22,999170	23,465830
109,000000	42,924800	125,440417	120,900708	113,717904	99,515334	66,887306	61,796676	57,859530	55,027888	50,766532	46,139611	22,990634	23,404884
110,000000	42,924800	125,443988	120,903337	113,721216	99,508885	66,881370	61,792343	57,853773	55,025804	50,717580	46,116246	22,978912	23,353372
111,000000	42,924800	125,454025	120,901761	113,718928	99,516513	66,877213	61,798402	57,732082	54,961053	50,722233	46,086407	22,993110	23,331424
112,000000	42,924800	125,451007	120,906798	113,719325	99,518380	66,872693	61,788289	57,868356	54,898901	50,701908	46,100177	22,983541	23,365836
113,000000	42,924800	125,452108	120,906266	113,721263	99,518600	66,878225	61,787561	57,804872	54,930288	50,688977	46,135644	22,993198	23,365467
114,000000	42,924800	125,453506	120,909506	113,724386	99,515911	66,878298	61,783193	57,788694	54,993993	50,680983	46,155066	23,004223	23,413569
115,000000	42,924800	125,454655	120,914684	113,711347	99,515277	66,867658	61,784042	57,806398	54,933412	50,745198	46,139404	23,013020	23,510707
116,000000	42,924800	125,453420	120,915275	113,721808	99,519655	66,869511	61,785047	57,779675	54,986805	50,768343	46,173889	23,033359	23,511454
117,000000	42,924800	125,454370	120,910441	113,710170	99,514805	66,866738	61,778412	57,815932	54,985835	50,716900	46,118662	23,026591	23,502820
118,000000	42,924800	125,457630	120,908832	113,721205	99,517145	66,869632	61,775612	57,880211	55,016138	50,729831	46,147625	23,027053	23,536116
119,000000	42,560000	125,460639	120,914563	113,722176	99,523021	66,866995	61,777637	57,860408	54,978204	50,725775	46,159009	23,031319	23,534223
120,000000	42,560000	125,455304	120,907681	113,716444	99,507197	66,847640	61,778278	57,937142	54,963263	50,697543	46,174254	23,046340	23,558822
121,000000	42,560000	125,466463	120,925893	113,728045	99,515565	66,857641	61,791072	57,995742	55,061795	50,769533	46,252499	23,092711	23,653944
122,000000	42,560000	125,465582	120,917157	113,726265	99,519892	66,847399	61,781557	57,989977	55,019391	50,772291	46,198274	23,092181	23,642710
123,000000	42,560000	125,455740	120,922081	113,725281	99,514135	66,843493	61,783083	57,895767	54,992864	50,716893	46,150888	23,070795	23,578090
124,000000	42,560000	125,452965	120,919578	113,717022	99,504266	66,829623	61,773027	57,847700	55,041267	50,692180	46,157675	23,047374	23,570595
125,000000	42,560000	125,454058	120,912314	113,719311	99,498965	66,821318	61,766444	57,926081	54,960147	50,691183	46,168203	23,052255	23,551544
126,000000	42,560000	125,470776	120,916305	113,724030	99,508172	66,833505	61,774099	57,954026	55,073580	50,715899	46,164339	23,065294	23,528143
127,000000	42,560000	125,470801	120,924083	113,722095	99,510646	66,828361	61,777564	57,924220	55,024477	50,705062	46,148332	23,056640	23,560433
128,000000	42,560000	125,480443	120,920019	113,730301	99,510395	66,838487	61,775922	57,874100	55,031561	50,718682	46,146012	23,058380	23,505717
129,000000	42,560000	125,473678	120,917714	113,728539	99,506070	66,837708	61,763887	57,877325	54,964484	50,714550	46,145348	23,056924	23,489698
130,000000	42,560000	125,468263	120,915802	113,729461	99,498408	66,832770	61,762738	57,763764	54,948134	50,680227	46,148281	23,045582	23,467243
131,000000	42,560000	125,464313	120,915880	113,719120	99,504949	66,828063	61,766296	57,832604	54,956959	50,662857	46,082206	23,041733	23,479338
132,000000	42,560000	125,472978	120,920612	113,721341	99,496322	66,837096	61,767788	57,810941	54,982377	50,696915	46,052938	23,045700	23,484372
133,000000	42,560000	125,472395	120,919639	113,722597	99,493951	66,829219	61,760727	57,848194	55,024241	50,705331	46,080633	23,043523	23,457271
134,000000	42,560000	125,468539	120,919103	113,720983	99,490774	66,825686	61,756843	57,925191	55,013562	50,748180	46,125402	23,033303	23,343363
135,000000	42,560000	125,469964	120,924848	113,724061	99,498039	66,831994	61,761505	57,873427	54,994245	50,735434	46,121850	23,010997	23,206646
136,000000	42,560000	125,478259	120,921778	113,721666	99,493930	66,836429	61,754544	57,808557	54,939923	50,703319	46,111019	23,032575	23,486473
137,000000	42,560000	125,471221	120,918650	113,718633	99,495880	66,839016	61,745217	57,853238	54,981468	50,707505	46,118820	23,061406	23,512677
138,000000	42,560000	125,474846	120,919693	113,726253	99,496990	66,844332	61,745267	57,966662	55,083174	50,751404	46,139825	23,058951	23,461217
139,000000	42,560000	125,476113	120,925054	113,722665	99,504186	66,843722	61,752909	58,046335	55,139631	50,784419	46,181677	23,060059	23,463930
140,000000	42,560000	125,474697	120,923693	113,727458	99,498820	66,846616	61,752437	57,889737	55,026089	50,754699	46,161327	23,059166	23,423812
141,000000	42,560000	125,465620	120,919061	113,710143	99,488366	66,831462	61,746378	57,750998	54,957778	50,698128	46,107388	23,052162	23,481959
142,000000	42,560000	125,478046	120,912459	113,722644	99,491806	66,836677	61,743784	57,769482	54,889931	50,715297	46,066668	23,066696	23,503436
143,000000	42,560000	125,472600	120,918784	113,722015	99,490964	66,836595	61,731616	57,752153	54,908617	50,728345	46,046795	23,066493	23,489969
144,000000	42,560000	125,475754	120,925529	113,719955	99,495172	66,836091	61,734368	57,704447	54,916968	50,708832	46,049118	23,072284	23,491207
145,000000	42,560000	125,478593	120,916259	113,718608	99,491702	66,831301	61,731456	57,726504	54,934610	50,699265	46,072650	23,076537	23,446561
146,000000	42,560000	125,478687	120,922015	113,716354	99,490329	66,825216	61,731135	57,725752	54,901615	50,670127	46,054420	23,067980	23,417480
147,000000	42,560000	125,477921	120,915357	113,708023	99,486366	66,816956	61,722951	57,709152	54,895321	50,668126	46,032067	23,051277	23,388324
148,000000	42,560000	125,477878	120,916761	113,713476	99,493800	66,821055	61,725773	57,727204	54,985861	50,657081	46,051553	23,062740	23,419011
149,000000	42,560000	125,473423	120,919258	113,708015	99,488750	66,820248	61,726822	57,748039	54,972620	50,634322	46,076160	23,071271	23,434532
150,000000	42,560000	125,476075	120,920737	113,727052	99,491826	66,824095	61,731251	57,793553	54,904739	50,655945	46,085198	23,091068	23,464216
151,000000	42,560000	125,478772	120,926926	113,721396	99,489934	66,815811	61,723398	57,800313	54,880766	50,688655	46,052964	23,093803	23,561059
152,000000	42,560000	125,470410	120,909470	113,705362	99,487966	66,816329	61,720009	57,814997	54,914638	50,648376	46,027982	23,103158	23,582978
153,000000	42,560000	125,475011	120,928545	113,721096	99,497301	66,832233	61,735458	57,803359	54,995239	50,638317	45,951013	23,109128	23,520982
154,000000	42,560000	125,473483	120,921506	113,720392	99,492230	66,831086	61,730787	57,943052	55,073046	50,628921	45,973737	23,088963	23,464674
155,000000	42,560000	125,470189	120,914298	113,710957	99,487570	66,823284	61,732734	57,901158	54,999694	50,662635	46,036603	23,092629	23,498727
156,000000	42,560000	125,467559	120,915287	113,718512	99,489079	66,832321	61,731130	57,869814	54,975056	50,624186	46,016537	23,088624	23,478747
157,000000	42,560000	125,475537	120,920614	113,710489	99,498720	66,840893	61,734057	57,798949	54,966522	50,617680	46,013952	23,088524	23,483655
158,000000	42,560000	125,468975	120,918127	113,711092	99,497044	66,842387	61,738014	57,803471	54,959544	50,616433	46,000682	23,089451	23,458204
159,000000	42,560000	125,465413	120,920976	113,717943	99,499760	66,861160	61,736652	57,803206	54,954296	50,633721	46,007427	23,094204	23,466088
160,000000	42,560000	125,472182	120,915951	113,724786	99,500341	66,864021	61,733385	57,812586	54,938236	50,659321	45,998281	23,101513	23,468880
161,000000	42,560000	125,465139	120,914394	113,709423	99,494773	66,865334	61,724867	57,753993	54,867688	50,621812	46,013302	23,098360	23,505486
162,000000	42,560000	125,470248	120,917220	113,716246	99,503607	66,876670	61,735067	57,674374	54,882868	50,623075	45,998511	23,112099	23,528999
163,000000	42,560000	125,463717	120,911677	113,714687	99,500917	66,880076	61,726019	57,715243	54,869302	50,632702	46,010854	23,113192	23,542245
164,000000	42,560000	125,468288	120,920138	113,722216	99,500206	66,889785	61,728288	57,701535	54,856006	50,628273	46,031942	23,108417	23,513241
165,000000	42,560000	125,459556	120,911736	113,713893	99,502033	66,890031	61,720698	57,740584	54,850478	50,613436	46,028254	23,093049	23,503620
166,000000	42,560000	125,457550	120,908526	113,703622	99,505457	66,891753	61,716277	57,761690	54,886410	50,623534	46,031469	23,073516	23,411963
167,000000	42,560000	125,449968	120,903565	113,713061	99,506133	66,897382	61,714427	57,743475	54,917612	50,594996	46,032248	23,070643	23,390931
168,000000	42,560000	125,450857	120,912728	113,715897	99,510525	66,907920	61,721224	57,812472	54,902294	50,576946	46,042443	23,065614	23,334014
169,000000	42,560000	125,453659	120,911977	113,716533	99,516790	66,911451	61,718235	57,767803	54,892732	50,572081	46,012343	23,053936	23,251328
170,000000	42,560000	125,461680	120,915996	113,718233	99,520586	66,915181	61,725426	57,712146	54,895075	50,570969	46,007242	23,045489	23,191056
171,000000	42,560000	125,447714	120,908856	113,714768	99,518607	66,914073	61,709199	57,689049	54,825456	50,570913	45,992214	23,034670	23,150938
172,000000	42,560000	125,448321	120,908728	113,713821	99,517805	66,916104	61,710687	57,737424	54,816871	50,567759	45,966649	23,026743	23,097909
173,000000	42,560000	125,438612	120,911213	113,714954	99,526903	66,917117	61,713283	57,702947	54,780215	50,573508	45,937323	23,021847	23,109542
174,000000	42,560000	125,444011	120,909601	113,716873	99,533614	66,916872	61,711649	57,650779	54,778744	50,546837	45,924798	23,021404	23,093642
175,000000	42,560000	125,446649	120,920846	113,724013	99,536658	66,923774	61,711987	57,578633	54,742579	50,539477	45,921388	23,020431	23,083984
176,000000	42,560000	125,438436	120,905696	113,710989	99,534179	66,919680	61,697389	57,632982	54,727800	50,537536	45,913075	22,992116	22,967088
177,000000	42,560000	125,430358	120,905511	113,710275	99,533715	66,910661	61,692047	57,560253	54,713369	50,542242	45,854790	22,986557	22,974844
178,000000	42,560000	125,430585	120,903520	113,711990	99,538424	66,913074	61,690244	57,605395	54,727613	50,525801	45,830675	22,995687	23,101404
179,000000	42,560000	125,432698	120,903813	113,716572	99,536761	66,908333	61,696201	57,633357	54,750337	50,532821	45,833011	23,011652	23,176012
180,000000	42,560000	125,426689	120,894323	113,716997	99,535635	66,897349	61,685534	57,614361	54,723306	50,520338	45,810442	23,020408	23,215366
181,000000	42,560000	125,426751	120,892842	113,705279	99,533293	66,894384	61,684363	57,467508	54,696181	50,512648	45,808415	23,046355	23,340926
182,000000	42,560000	125,430666	120,899387	113,710877	99,546223	66,899025	61,677221	57,544670	54,736651	50,489347	45,848455	23,060738	23,322755
183,000000	42,560000	125,422565	120,898247	113,709704	99,544460	66,899443	61,676780	57,610145	54,797034	50,517176	45,842900	23,042768	23,247163
184,000000	42,560000	125,424028	120,895923	113,715714	99,545120	66,900457	61,684392	57,712005	54,816665	50,519271	45,856956	23,042047	23,280136
185,000000	42,560000	125,421959	120,894098	113,717417	99,546129	66,905033	61,690071	57,613753	54,812156	50,508246	45,879395	23,048152	23,317903
186,000000	42,560000	125,416103	120,900140	113,720339	99,546989	66,902923	61,679822	57,639065	54,763616	50,530138	45,864782	23,054216	23,334974
187,000000	42,560000	125,416144	120,893779	113,712272	99,545788	66,903549	61,677776	57,647429	54,811141	50,552065	45,871934	23,037788	23,202599
188,000000	42,560000	125,416600	120,898806	113,716843	99,548665	66,899253	61,684839	57,573271	54,802332	50,558782	45,898361	23,024993	23,265651
189,000000	42,560000	125,411062	120,890209	113,717063	99,550684	66,902335	61,684121	57,614111	54,813273	50,524320	45,912450	23,042259	23,358436
190,000000	42,560000	125,398659	120,885704	113,709774	99,544431	66,893867	61,671433	57,655499	54,804649	50,510305	45,928070	23,060356	23,411085
191,000000	42,560000	125,406157	120,888940	113,714614	99,552035	66,900743	61,678151	57,673515	54,873277	50,542440	45,883221	23,070892	23,347208
192,000000	42,560000	125,408814	120,887174	113,714257	99,551736	66,901972	61,678794	57,679518	54,875933	50,556663	45,843997	23,059897	23,316792
193,000000	42,560000	125,406209	120,885164	113,712088	99,555865	66,907599	61,686076	57,723305	54,872785	50,546975	45,840867	23,055819	23,287974
194,000000	42,560000	125,402125	120,885139	113,711707	99,554114	66,908837	61,684206	57,761156	54,843469	50,530156	45,856107	23,035709	23,248635
195,000000	42,560000	125,386277	120,875495	113,713464	99,552952	66,905504	61,679004	57,724179	54,810519	50,535839	45,886056	23,029716	23,232855
196,000000	42,560000	125,393412	120,889013	113,711658	99,557684	66,904080	61,689501	57,633427	54,806801	50,511461	45,816203	23,023887	23,235558
197,000000	42,560000	125,398998	120,886110	113,719165	99,557615	66,918996	61,677550	57,639272	54,780270	50,468821	45,803708	23,022859	23,163499
198,000000	42,560000	125,406040	120,891846	113,725558	99,560560	66,917510	61,682912	57,740896	54,789556	50,467180	45,856329	23,034071	23,184649
199,000000	42,560000	125,395160	120,885979	113,715023	99,554844	66,898306	61,680596	57,691114	54,770526	50,458563	45,866260	23,033313	23,245401
200,000000	42,560000	125,391676	120,881669	113,721625	99,561325	66,891640	61,677265	57,672551	54,748773	50,425191	45,840734	23,043165	23,258002
201,000000	42,560000	125,393450	120,887507	113,723293	99,556120	66,873923	61,680826	57,631434	54,751549	50,370103	45,841731	23,030338	23,173194
202,000000	42,560000	125,391745	120,875207	113,706179	99,557633	66,855548	61,667808	57,667450	54,757600	50,418598	45,879844	23,003995	23,121611
203,000000	42,560000	125,384106	120,878071	113,713224	99,559816	66,837107	61,659551	57,624925	54,733500	50,446171	45,872054	22,992573	23,123429
204,000000	42,560000	125,378384	120,870639	113,711887	99,544398	66,817899	61,648033	57,679231	54,738773	50,456157	45,858208	22,992211	23,096821
205,000000	42,560000	125,377384	120,871596	113,703586	99,541098	66,805283	61,642494	57,690362	54,758075	50,422190	45,835588	22,981392	23,011929
206,000000	42,560000	125,373454	120,868767	113,709349	99,542270	66,788265	61,642071	57,705752	54,778979	50,425675	45,853531	22,954668	22,969439
207,000000	42,560000	125,376480	120,876251	113,713124	99,551309	66,784267	61,649324	57,707236	54,829815	50,455724	45,848057	22,975911	23,059633
208,000000	42,560000	125,375173	120,880084	113,712414	99,543342	66,772721	61,646033	57,640977	54,820918	50,425721	45,832358	22,985138	23,056306
209,000000	42,560000	125,366528	120,869195	113,708078	99,528082	66,747568	61,632903	57,658350	54,838171	50,411083	45,852322	22,963144	23,030340
210,000000	42,560000	125,360751	120,870105	113,707415	99,523816	66,745693	61,636458	57,719126	54,825593	50,450417	45,876521	22,975064	23,113575
211,000000	42,560000	125,366260	120,867704	113,707292	99,525584	66,734850	61,630764	57,686721	54,875817	50,479201	45,859838	22,987443	23,194043
212,000000	42,560000	125,362042	120,868670	113,706129	99,519180	66,718987	61,633104	57,621061	54,821085	50,501505	45,795783	22,985054	23,131362
213,000000	42,560000	125,360362	120,866240	113,705847	99,521284	66,713275	61,626422	57,597758	54,772958	50,493663	45,814679	22,957066	22,965557
214,000000	42,560000	125,357121	120,864940	113,700258	99,511321	66,703235	61,623821	57,631273	54,821063	50,499457	45,817385	22,933936	22,859529
215,000000	42,560000	125,362694	120,869713	113,707935	99,506642	66,694462	61,626279	57,651890	54,807932	50,512602	45,784261	22,932955	22,924074
216,000000	42,560000	125,353420	120,858932	113,698448	99,494986	66,677823	61,612488	57,627999	54,820751	50,487597	45,799061	22,933510	22,949464
217,000000	42,560000	125,362164	120,867184	113,704038	99,493855	66,668620	61,618567	57,672471	54,913679	50,505331	45,795991	22,902463	22,752016
218,000000	42,560000	125,352241	120,860865	113,692108	99,480235	66,660403	61,616992	57,669564	54,866661	50,508444	45,817980	22,867104	22,611530
219,000000	42,560000	125,349408	120,856664	113,690025	99,467376	66,647513	61,606551	57,637443	54,812422	50,499068	45,820352	22,858078	22,643362
220,000000	42,560000	125,347383	120,861381	113,686883	99,463965	66,639659	61,600832	57,636145	54,830849	50,502048	45,835778	22,868676	22,808995
221,000000	42,560000	125,341292	120,857696	113,686514	99,458870	66,631814	61,590285	57,637125	54,843436	50,516875	45,825538	22,860641	22,672197
222,000000	42,560000	125,335975	120,852152	113,683898	99,451612	66,619261	61,587545	57,585230	54,801205	50,511936	45,851308	22,857479	22,808785
223,000000	42,560000	125,340616	120,851193	113,679636	99,445462	66,603206	61,578797	57,607519	54,774600	50,493364	45,834648	22,871201	22,870397
224,000000	42,560000	125,330923	120,850092	113,677954	99,441285	66,592609	61,568191	57,592085	54,740791	50,472598	45,837252	22,900936	22,936068
225,000000	42,560000	125,334884	120,847837	113,676425	99,430154	66,590817	61,562729	57,621648	54,734220	50,470317	45,834621	22,917753	23,017329
226,000000	42,560000	125,335201	120,838987	113,667575	99,430213	66,580940	61,555176	57,709765	54,718666	50,474797	45,864671	22,912171	22,997399
227,000000	42,560000	125,335233	120,837894	113,663312	99,418148	66,570539	61,542060	57,718298	54,744224	50,479245	45,888442	22,906247	22,973680
228,000000	42,560000	125,334593	120,839533	113,657772	99,413150	66,564834	61,539258	57,717439	54,714482	50,495409	45,933783	22,882966	22,861949
229,000000	42,560000	125,337636	120,837416	113,657576	99,403647	66,551557	61,533310	57,676137	54,712902	50,483789	45,899820	22,867278	22,808021
230,000000	42,560000	125,336767	120,835705	113,652393	99,402935	66,543323	61,524087	57,638534	54,713928	50,427994	45,830048	22,857150	22,804056
231,000000	42,560000	125,332046	120,831243	113,643529	99,393743	66,533500	61,513003	57,622334	54,676490	50,363568	45,749226	22,852331	22,789320
232,000000	42,560000	125,347765	120,829914	113,639046	99,386437	66,527673	61,507603	57,579115	54,737102	50,398146	45,729760	22,864025	22,841900
233,000000	42,560000	125,346750	120,828507	113,641205	99,387048	66,523542	61,503713	57,634402	54,705880	50,397798	45,762760	22,878834	22,908342
234,000000	42,560000	125,356186	120,835816	113,643980	99,390549	66,535112	61,504747	57,644085	54,702770	50,368596	45,829180	22,882497	22,918781
235,000000	42,560000	125,353425	120,838636	113,639076	99,380952	66,538629	61,498566	57,639431	54,720440	50,349377	45,820675	22,881445	22,892545
236,000000	42,560000	125,360457	120,824478	113,632706	99,370820	66,527778	61,480201	57,556227	54,634807	50,348656	45,736335	22,865885	22,872545
237,000000	42,560000	125,366501	120,823805	113,634833	99,374024	66,538717	61,486124	57,531695	54,631626	50,353994	45,679432	22,867628	22,880794
238,000000	42,560000	125,369337	120,825469	113,632187	99,373246	66,535191	61,490794	57,530007	54,615882	50,349417	45,651467	22,852087	22,825100
239,000000	42,560000	125,370181	120,821910	113,631187	99,368303	66,533864	61,483469	57,494948	54,582278	50,336537	45,670073	22,824477	22,757938
240,000000	42,560000	125,365155	120,818139	113,626675	99,360968	66,527831	61,482682	57,462653	54,610047	50,351860	45,691638	22,799657	22,701834
241,000000	42,560000	125,371035	120,825505	113,627249	99,355938	66,529259	61,478461	57,498332	54,626085	50,309848	45,662213	22,797631	22,685028
242,000000	42,560000	125,365585	120,820180	113,615318	99,345174	66,523184	61,463695	57,518672	54,594342	50,297793	45,643253	22,764013	22,668672
243,000000	42,560000	125,367451	120,816331	113,618473	99,345275	66,525012	61,462751	57,541827	54,587592	50,312857	45,668391	22,770629	22,656908
244,000000	42,560000	125,360738	120,807580	113,606951	99,343269	66,521662	61,449456	57,480539	54,590775	50,283044	45,643277	22,763215	22,692227
245,000000	42,560000	125,360603	120,805449	113,602972	99,335613	66,517398	61,447144	57,507248	54,577833	50,244212	45,621121	22,757353	22,754673
246,000000	42,560000	125,363484	120,801528	113,592755	99,324141	66,507554	61,434704	57,494501	54,527436	50,233159	45,647164	22,781657	22,789199
247,000000	42,560000	125,378178	120,818891	113,608048	99,338874	66,520177	61,452418	57,376220	54,524396	50,235381	45,682142	22,801513	22,822032
248,000000	42,560000	125,369686	120,809025	113,594296	99,330335	66,509113	61,444489	57,329791	54,536752	50,247585	45,664022	22,798201	22,840004
249,000000	42,560000	125,374840	120,813795	113,595179	99,329708	66,503744	61,432833	57,315901	54,511113	50,258708	45,643640	22,808994	22,842987
250,000000	42,560000	125,379182	120,812341	113,594719	99,325483	66,487615	61,428040	57,295779	54,488551	50,272354	45,643890	22,810501	22,864934
251,000000	42,560000	125,383077	120,806416	113,580561	99,323010	66,467857	61,415236	57,444101	54,428475	50,261475	45,625021	22,806859	22,867724
252,000000	42,560000	125,379628	120,799759	113,586162	99,320693	66,453674	61,405240	57,390845	54,439225	50,275752	45,617065	22,791000	22,858833
253,000000	42,560000	125,377921	120,799167	113,582517	99,311417	66,440531	61,395440	57,393331	54,445508	50,281396	45,615161	22,795919	22,871483
254,000000	42,560000	125,374722	120,795400	113,574827	99,302660	66,419925	61,380155	57,415439	54,507666	50,238358	45,569098	22,780878	22,794655
255,000000	42,560000	125,381229	120,794710	113,575096	99,303534	66,415473	61,383188	57,410924	54,503906	50,199621	45,543018	22,767047	22,725275
256,000000	42,560000	125,378309	120,798817	113,576853	99,297288	66,403283	61,373141	57,349681	54,453045	50,209726	45,576201	22,757569	22,755156
257,000000	42,560000	125,367808	120,798029	113,564053	99,292181	66,397111	61,362415	57,388639	54,447776	50,246132	45,583302	22,745561	22,786447
258,000000	42,560000	125,366995	120,792610	113,562767	99,282659	66,386306	61,343216	57,350147	54,441901	50,234307	45,578166	22,733429	22,738482
259,000000	42,560000	125,380583	120,798082	113,572541	99,280718	66,383095	61,347084	57,307314	54,423531	50,216114	45,581952	22,755488	22,764677
260,000000	42,560000	125,390210	120,799181	113,576172	99,276752	66,377215	61,349998	57,337295	54,385258	50,226350	45,572877	22,744563	22,734915
261,000000	42,560000	125,384323	120,795668	113,563681	99,274221	66,366844	61,334565	57,282946	54,373612	50,183538	45,555331	22,753244	22,707297
262,000000	42,560000	125,371612	120,789567	113,557962	99,260433	66,357783	61,316422	57,280423	54,346850	50,146274	45,510237	22,729989	22,687793
263,000000	42,560000	125,376182	120,783035	113,556937	99,254766	66,353443	61,306385	57,293855	54,327574	50,120793	45,486865	22,730151	22,700860
264,000000	42,560000	125,370792	120,783079	113,558086	99,257303	66,345268	61,298348	57,267284	54,299918	50,113960	45,484208	22,709797	22,593529
265,000000	42,560000	125,376052	120,783901	113,552021	99,245819	66,345390	61,294254	57,241829	54,287323	50,099814	45,436344	22,684496	22,517627
266,000000	42,560000	125,369036	120,779478	113,551158	99,242312	66,330156	61,294698	57,182134	54,287807	50,087623	45,380176	22,683174	22,559589
267,000000	42,560000	125,371327	120,784582	113,541668	99,241386	66,330477	61,280145	57,261380	54,289177	50,045318	45,377293	22,682063	22,574296
268,000000	42,560000	125,370789	120,779922	113,534596	99,232231	66,330461	61,277952	57,258134	54,292754	50,045374	45,405169	22,687861	22,532867
269,000000	42,560000	125,366534	120,778858	113,540320	99,229373	66,333026	61,269225	57,212572	54,236157	50,029978	45,422861	22,663569	22,423785
270,000000	42,560000	125,359349	120,771497	113,535584	99,221774	66,331283	61,272212	57,244276	54,215507	49,996408	45,453981	22,638239	22,445877
271,000000	42,560000	125,356608	120,773661	113,523677	99,222633	66,331804	61,253672	57,219450	54,197100	49,997489	45,376041	22,664633	22,567622
272,000000	42,560000	125,360024	120,771211	113,522966	99,216820	66,337957	61,256327	57,187283	54,186214	49,985211	45,356414	22,693288	22,690377
273,000000	42,560000	125,362401	120,768101	113,523061	99,217050	66,342030	61,256198	57,189154	54,189985	49,975897	45,387046	22,688074	22,664868
274,000000	42,560000	125,348894	120,763291	113,518213	99,208107	66,336124	61,247810	57,235734	54,134237	49,963684	45,394282	22,662946	22,611782
275,000000	42,560000	125,359735	120,762426	113,520558	99,213828	66,342207	61,250261	57,266147	54,221898	49,996332	45,400793	22,669334	22,616716
276,000000	42,560000	125,352130	120,763523	113,517344	99,207651	66,333745	61,250620	57,267830	54,297189	49,992497	45,419807	22,670128	22,663042
277,000000	42,560000	125,352809	120,754489	113,514687	99,204836	66,324865	61,244066	57,206949	54,278406	49,977799	45,386735	22,634494	22,576510
278,000000	42,560000	125,352086	120,756367	113,516176	99,204629	66,324155	61,241030	57,200351	54,316703	50,011159	45,374043	22,628427	22,576379
279,000000	42,560000	125,338491	120,745805	113,501235	99,196803	66,312436	61,226266	57,214815	54,251179	50,002012	45,360864	22,631320	22,609720
280,000000	42,560000	125,344228	120,744372	113,498663	99,193676	66,296831	61,229616	57,185171	54,225231	49,999762	45,353330	22,627145	22,615541
281,000000	42,560000	125,345980	120,741405	113,496347	99,191408	66,296402	61,226488	57,131019	54,192951	49,983125	45,345170	22,628665	22,567730
282,000000	42,560000	125,353085	120,747688	113,501479	99,185752	66,295060	61,230470	57,137212	54,239807	50,010254	45,380368	22,627949	22,605966
283,000000	42,560000	125,351426	120,747015	113,497168	99,191084	66,289066	61,227742	57,092181	54,259480	50,019436	45,370551	22,617902	22,576194
284,000000	42,560000	125,341531	120,742944	113,497567	99,181421	66,286896	61,219849	57,104565	54,241090	49,990969	45,333416	22,606079	22,558280
285,000000	42,560000	125,335376	120,738808	113,485988	99,177032	66,278461	61,206493	57,099935	54,264913	49,978758	45,316706	22,625549	22,511678
286,000000	42,560000	125,342810	120,741304	113,490583	99,187611	66,277030	61,214565	57,116110	54,258096	49,998550	45,335509	22,609017	22,589331
287,000000	42,560000	125,332218	120,733441	113,483083	99,178250	66,267730	61,203557	57,073064	54,227740	49,990556	45,329343	22,589455	22,532996
288,000000	42,560000	125,333979	120,730805	113,479345	99,177654	66,256100	61,200403	57,109239	54,163342	49,955451	45,293479	22,598403	22,427977
289,000000	42,560000	125,334737	120,730120	113,480108	99,181391	66,251442	61,192305	57,171450	54,228551	49,974634	45,293678	22,593184	22,370534
290,000000	42,560000	125,330730	120,728758	113,480085	99,173225	66,250047	61,185270	57,063032	54,177493	49,984753	45,279978	22,591365	22,489626
291,000000	42,560000	125,315271	120,721853	113,466664	99,159175	66,233961	61,173686	57,064659	54,156300	49,939474	45,269093	22,599445	22,553633
292,000000	42,560000	125,314253	120,716582	113,469055	99,161718	66,222978	61,165818	57,094727	54,161276	49,959058	45,273938	22,575839	22,432878
293,000000	42,560000	125,319510	120,724351	113,469111	99,161410	66,225219	61,163599	57,089953	54,189876	50,009916	45,294148	22,566803	22,455332
294,000000	42,560000	125,316166	120,713165	113,461980	99,146709	66,214068	61,153822	57,129460	54,175887	50,014652	45,286094	22,547115	22,428513
295,000000	42,560000	125,315301	120,716896	113,461263	99,145211	66,224328	61,150486	57,155728	54,228571	49,999760	45,306055	22,568030	22,560710
296,000000	42,560000	125,303971	120,708485	113,454313	99,134817	66,222546	61,147137	57,158501	54,207953	49,967960	45,293854	22,564701	22,520728
297,000000	42,560000	125,301122	120,706067	113,453137	99,133615	66,229113	61,144649	57,070108	54,193929	49,962049	45,300796	22,552505	22,508070
298,000000	42,560000	125,294318	120,696194	113,445984	99,127899	66,231434	61,142882	57,047952	54,137792	49,935021	45,290084	22,518491	22,460799
299,000000	42,560000	125,300022	120,698782	113,446668	99,132986	66,231260	61,143358	57,146720	54,140921	49,922232	45,281896	22,541359	22,488190
300,000000	42,560000	125,296041	120,702079	113,451540	99,131550	66,228863	61,143729	57,119470	54,169129	49,907694	45,262144	22,528059	22,300158
301,000000	42,560000	125,287252	120,694424	113,435588	99,125417	66,232957	61,138589	57,023533	54,120731	49,900791	45,214076	22,473605	22,251856
302,000000	42,560000	125,308781	120,698909	113,451844	99,136016	66,249294	61,156837	57,194468	54,079352	49,896908	45,219410	22,512283	22,370373
303,000000	42,560000	125,306306	120,700151	113,443190	99,132622	66,246971	61,155439	57,243303	54,179988	49,884403	45,256886	22,539484	22,519599
304,000000	42,560000	125,296350	120,692318	113,440017	99,124060	66,238762	61,146732	57,208590	54,211346	49,904095	45,287653	22,540024	22,556801
305,000000	42,560000	125,301677	120,695653	113,436988	99,119369	66,241710	61,150160	57,292332	54,202464	49,909888	45,293206	22,545623	22,479046
306,000000	42,560000	125,290154	120,684633	113,431350	99,105994	66,240818	61,142164	57,262448	54,294446	49,864325	45,260870	22,535360	22,499237
307,000000	42,560000	125,299191	120,685395	113,427540	99,115163	66,250231	61,153362	57,282303	54,305364	49,888381	45,290152	22,540408	22,530601
308,000000	42,560000	125,302880	120,685215	113,429119	99,117841	66,260970	61,156533	57,226287	54,280554	49,914599	45,277375	22,553114	22,543000
309,000000	42,560000	125,298295	120,677735	113,426747	99,118608	66,266736	61,161732	57,186178	54,251091	49,942358	45,263374	22,534187	22,557168
310,000000	42,560000	125,299263	120,677165	113,425231	99,111407	66,265976	61,156457	57,140622	54,244277	49,947661	45,279110	22,540893	22,512087
311,000000	42,560000	125,292598	120,684037	113,423731	99,106517	66,273071	61,165025	57,128633	54,226160	49,941425	45,269197	22,519604	22,519259
312,000000	42,560000	125,291069	120,678314	113,423110	99,112032	66,286984	61,169252	57,151655	54,277472	49,958813	45,273618	22,508941	22,518205
313,000000	42,560000	125,287907	120,673039	113,415154	99,107357	66,280988	61,166417	57,200332	54,236557	49,969045	45,292389	22,516866	22,580410
314,000000	42,560000	125,277171	120,665162	113,417372	99,104838	66,282049	61,175612	57,219959	54,277026	49,915824	45,291738	22,512810	22,539776
315,000000	42,560000	125,268019	120,660391	113,404267	99,096795	66,274003	61,172907	57,119989	54,225281	49,898760	45,272362	22,505137	22,526550
316,000000	42,560000	125,262413	120,664176	113,410315	99,098355	66,278781	61,178570	57,201354	54,293160	49,944667	45,328702	22,516971	22,602692
317,000000	42,560000	125,266945	120,665166	113,419495	99,109335	66,289263	61,191862	57,242546	54,320550	49,975366	45,334123	22,525559	22,637244
318,000000	42,560000	125,260547	120,656409	113,409256	99,107213	66,286001	61,187673	57,294853	54,326843	49,985300	45,324478	22,532699	22,651734
319,000000	42,560000	125,257362	120,659125	113,409436	99,102842	66,280080	61,186623	57,263852	54,351978	50,004085	45,313967	22,519613	22,606481
320,000000	42,560000	125,252353	120,657848	113,408118	99,096808	66,269273	61,188230	57,171955	54,327779	49,999067	45,306234	22,512641	22,601503
321,000000	42,560000	125,260600	120,662803	113,415214	99,104958	66,272864	61,191102	57,267508	54,342480	49,995595	45,359691	22,538129	22,686036
322,000000	42,560000	125,262907	120,659557	113,410957	99,109450	66,266332	61,190434	57,282127	54,348772	50,023242	45,383677	22,542373	22,633680
323,000000	42,560000	125,255758	120,654967	113,408155	99,104591	66,252339	61,187361	57,250912	54,342767	50,055586	45,391238	22,528088	22,655049
324,000000	42,560000	125,258496	120,655696	113,404717	99,099748	66,242579	61,188590	57,260904	54,298833	50,051721	45,351584	22,543848	22,832025
325,000000	42,560000	125,269727	120,657347	113,412623	99,102875	66,243918	61,196616	57,393459	54,314323	50,027525	45,334551	22,585251	22,914059
326,000000	42,560000	125,257745	120,651175	113,406445	99,097591	66,223887	61,187935	57,313802	54,439602	50,019484	45,313311	22,595083	22,995984
327,000000	42,560000	125,258939	120,649963	113,402982	99,103426	66,230513	61,195466	57,367154	54,408942	50,029357	45,352047	22,599567	22,959747
328,000000	42,560000	125,257054	120,650190	113,402451	99,098562	66,227619	61,193482	57,307133	54,426568	50,068034	45,383621	22,593189	22,903658
329,000000	42,560000	125,254614	120,645610	113,404645	99,091696	66,228233	61,195564	57,278362	54,430393	50,077723	45,383747	22,594388	22,879174
330,000000	42,560000	125,253157	120,646847	113,399554	99,087656	66,230041	61,186001	57,234819	54,381265	50,062525	45,397546	22,589668	22,844983
331,000000	42,560000	125,260215	120,639630	113,398232	99,093718	66,236310	61,195002	57,303985	54,418209	50,110498	45,424390	22,569759	22,797790
332,000000	42,560000	125,260453	120,640546	113,394420	99,083705	66,230328	61,192535	57,248012	54,393449	50,113642	45,418607	22,549656	22,789754
333,000000	42,560000	125,256500	120,637660	113,387573	99,081759	66,239798	61,201592	57,275110	54,465311	50,105581	45,402430	22,572295	22,855104
334,000000	42,560000	125,257919	120,634004	113,393155	99,081082	66,243441	61,203983	57,231172	54,506068	50,093253	45,406804	22,584493	22,895313
335,000000	42,560000	125,263594	120,637786	113,395776	99,080238	66,256219	61,191125	57,239052	54,425769	50,096317	45,438225	22,591725	22,864570
336,000000	42,560000	125,268686	120,649058	113,401816	99,094987	66,273745	61,216353	57,173737	54,405391	50,060589	45,407436	22,593391	22,855363
337,000000	42,560000	125,269980	120,641897	113,391689	99,090022	66,283255	61,213249	57,206847	54,344660	50,065321	45,407641	22,574296	22,758182
338,000000	42,560000	125,268627	120,637316	113,393135	99,085251	66,289035	61,211322	57,209551	54,273677	50,096780	45,379620	22,552449	22,737761
339,000000	42,560000	125,270881	120,636109	113,388584	99,092699	66,287069	61,209282	57,217859	54,321539	50,093740	45,356263	22,530586	22,703231
340,000000	42,560000	125,271518	120,641353	113,390987	99,088274	66,289631	61,220063	57,248873	54,361455	50,062113	45,371503	22,545430	22,727298
341,000000	42,560000	125,271088	120,642175	113,387390	99,096598	66,305634	61,219869	57,188356	54,359637	50,066257	45,386433	22,557373	22,731809
342,000000	42,560000	125,266809	120,640506	113,387556	99,089388	66,296993	61,213136	57,105520	54,340310	50,021304	45,373167	22,552554	22,765241
343,000000	42,560000	125,267585	120,638199	113,386618	99,092451	66,291903	61,212933	57,120256	54,302266	50,017143	45,371966	22,561183	22,778076
344,000000	42,560000	125,268982	120,636901	113,390167	99,091192	66,297283	61,214695	57,191861	54,295048	50,030443	45,374639	22,559623	22,763424
345,000000	42,560000	125,268269	120,632740	113,386008	99,083916	66,288713	61,210428	57,182026	54,240576	50,030375	45,372925	22,549153	22,751351
346,000000	42,560000	125,266883	120,638650	113,391733	99,093591	66,310361	61,220064	57,216748	54,200219	50,018675	45,395811	22,558363	22,737776
347,000000	42,560000	125,256091	120,633000	113,383191	99,088251	66,298462	61,195924	57,128922	54,244436	49,982821	45,381860	22,542338	22,729529
348,000000	42,560000	125,264085	120,639503	113,384158	99,097018	66,307166	61,209688	57,197181	54,241550	49,984079	45,400566	22,561887	22,774990
349,000000	42,560000	125,264528	120,629393	113,388090	99,096848	66,314858	61,213798	57,196677	54,295985	50,007334	45,388828	22,564146	22,771314
350,000000	42,560000	125,256133	120,631788	113,386212	99,091339	66,310686	61,209592	57,116210	54,234799	49,991512	45,354876	22,556463	22,741696
351,000000	42,560000	125,253188	120,634133	113,386727	99,087643	66,301192	61,209871	57,070021	54,258188	49,996868	45,355857	22,557860	22,809325
352,000000	42,560000	125,254521	120,637020	113,387898	99,099046	66,308959	61,207236	57,196498	54,289092	49,985963	45,366898	22,567701	22,822185
353,000000	42,560000	125,254408	120,624452	113,385777	99,096080	66,301958	61,203102	57,171142	54,272878	49,992295	45,364550	22,565005	22,786032
354,000000	42,560000	125,258688	120,629179	113,385775	99,094615	66,295983	61,208525	57,187149	54,293358	50,006061	45,366193	22,555109	22,739308
355,000000	42,560000	125,254306	120,627922	113,386691	99,091130	66,288608	61,210580	57,147300	54,308635	49,994872	45,357279	22,547665	22,724402
356,000000	42,560000	125,244530	120,624228	113,381528	99,100480	66,293115	61,207751	57,188334	54,272891	50,007199	45,386716	22,541564	22,693107
357,000000	42,560000	125,253099	120,631598	113,389277	99,102050	66,280508	61,211972	57,244010	54,260862	50,015178	45,431761	22,527694	22,621225
358,000000	42,560000	125,252008	120,630049	113,386236	99,101036	66,277995	61,209378	57,236643	54,248482	50,032042	45,456854	22,525000	22,624506
359,000000	42,560000	125,241895	120,624697	113,383045	99,097874	66,264637	61,203586	57,172452	54,228030	50,024684	45,451513	22,530463	22,661370
360,000000	42,560000	125,241358	120,626184	113,374578	99,093010	66,258687	61,206785	57,160452	54,268698	50,020144	45,408552	22,538095	22,752165
361,000000	42,560000	125,243523	120,629844	113,381919	99,092402	66,264651	61,195496	57,180812	54,274329	50,069908	45,380393	22,561459	22,814071
362,000000	42,560000	125,239832	120,631310	113,384503	99,093515	66,254475	61,195480	57,186586	54,309703	50,051087	45,359133	22,571855	22,798390
363,000000	42,560000	125,233847	120,625093	113,379460	99,087230	66,245055	61,194871	57,182362	54,345668	50,006671	45,340011	22,562394	22,836481
364,000000	42,560000	125,233504	120,622623	113,376993	99,088897	66,239542	61,189453	57,191020	54,346248	50,013378	45,348352	22,578901	22,868058
365,000000	42,560000	125,224351	120,616983	113,380760	99,090719	66,235776	61,179086	57,332434	54,370097	50,048621	45,398648	22,577566	22,906724
366,000000	42,560000	125,225639	120,622206	113,386475	99,088316	66,233973	61,183246	57,300935	54,364518	50,042632	45,406350	22,631572	23,049241
367,000000	42,560000	125,224908	120,618734	113,380092	99,079831	66,230379	61,183393	57,307764	54,398604	50,028351	45,390952	22,656123	23,023988
368,000000	42,560000	125,219858	120,618060	113,382933	99,078114	66,237526	61,181267	57,301049	54,417835	50,048794	45,392500	22,642994	22,988332
369,000000	42,560000	125,211745	120,614174	113,376609	99,081922	66,229709	61,177729	57,310204	54,358396	50,063957	45,412114	22,616665	23,022906
370,000000	42,560000	125,213095	120,623353	113,376886	99,086693	66,231132	61,184370	57,348476	54,401491	50,080023	45,396268	22,650616	23,098684
371,000000	42,560000	125,205658	120,613101	113,369218	99,073869	66,230473	61,181902	57,270710	54,399309	50,096695	45,398031	22,664463	23,151730
372,000000	42,560000	125,203755	120,616430	113,375295	99,073798	66,240801	61,186884	57,315067	54,437923	50,085460	45,405081	22,668939	23,136194
373,000000	42,560000	125,205740	120,615050	113,375207	99,070815	66,247101	61,188803	57,323967	54,427730	50,087028	45,407394	22,662513	23,104372
374,000000	42,560000	125,203698	120,605238	113,366031	99,066655	66,258483	61,189233	57,319791	54,461673	50,099194	45,387796	22,633557	23,041312
375,000000	42,560000	125,204481	120,610532	113,374109	99,068197	66,276314	61,199750	57,288904	54,443007	50,089319	45,410620	22,649505	23,070945
376,000000	42,560000	125,205098	120,607934	113,367367	99,076565	66,279080	61,201250	57,236960	54,476116	50,123031	45,395000	22,630973	23,013821
377,000000	42,560000	125,208164	120,604905	113,368646	99,071589	66,295818	61,202062	57,240601	54,451053	50,091240	45,405796	22,644414	23,018793
378,000000	42,560000	125,210965	120,607854	113,371373	99,078964	66,307901	61,214923	57,258096	54,420370	50,108186	45,431926	22,651640	23,054597
379,000000	42,560000	125,218882	120,604494	113,371792	99,079592	66,322410	61,220123	57,202264	54,385985	50,155304	45,439672	22,649745	23,038432
380,000000	42,560000	125,216130	120,598087	113,367156	99,066376	66,321689	61,210296	57,210268	54,401774	50,160645	45,401014	22,644342	23,028404
381,000000	42,560000	125,235580	120,610553	113,368745	99,082761	66,338410	61,239924	57,231756	54,382945	50,177880	45,415266	22,662589	23,080650
382,000000	42,560000	125,242158	120,612604	113,370741	99,079049	66,358872	61,243390	57,206554	54,434543	50,199043	45,437905	22,699415	23,158300
383,000000	42,560000	125,231409	120,601591	113,363466	99,084945	66,359025	61,248030	57,273222	54,516060	50,186959	45,428304	22,700508	23,221169
384,000000	42,560000	125,222529	120,604817	113,368726	99,092082	66,370469	61,253607	57,375413	54,561268	50,191729	45,461007	22,680571	23,149647
385,000000	42,560000	125,233095	120,608855	113,369331	99,095459	66,378993	61,254191	57,392114	54,582837	50,218767	45,493266	22,684221	23,166724
386,000000	42,560000	125,221522	120,599169	113,361345	99,087398	66,377429	61,254973	57,360963	54,537457	50,190392	45,479834	22,715353	23,179081
387,000000	42,560000	125,226988	120,603513	113,368739	99,096617	66,390581	61,263235	57,419120	54,468400	50,218905	45,496695	22,685548	23,126927
