Iteração	Potencia	Cond 1	Cond 2	Cond 3	Cond 4	Cond 5	Cond 6	Cond 7	Cond 8	Cond 9	Cond 10	Liquido 1	Liquido 2	Liquido 3	Evap 1	Evap 2	Evap 3	Evap 4	Vapor 1	Vapor 2	Vapor 3	Tamb	Evap 3I	Evap 2I	
1,000000	63,325000	176,075649	162,049797	147,726536	123,950390	78,948035	74,079318	69,487857	65,082648	60,497257	57,588835	22,926656	22,676823
2,000000	63,325000	176,075369	162,043356	147,727836	123,947279	78,945111	74,073519	69,511743	65,050418	60,486242	57,607328	22,935198	22,710406
3,000000	63,325000	176,069710	162,044735	147,726762	123,945626	78,932306	74,064065	69,614492	65,082198	60,435287	57,566668	22,934064	22,772144
4,000000	63,325000	176,079588	162,052521	147,729369	123,949823	78,933888	74,065365	69,612520	65,085757	60,449638	57,541386	22,931542	22,768626
5,000000	63,325000	176,079810	162,047992	147,731591	123,950612	78,926830	74,070751	69,628499	65,151598	60,449981	57,517766	22,938054	22,847876
6,000000	63,325000	176,080839	162,052940	147,726931	123,943462	78,905619	74,054508	69,592670	65,139194	60,471888	57,508793	22,950139	22,883045
7,000000	63,325000	176,075231	162,047604	147,723591	123,942128	78,894152	74,047712	69,640489	65,226041	60,468455	57,553019	22,958657	22,936383
8,000000	63,325000	176,078992	162,047314	147,722505	123,932102	78,872740	74,044748	69,721598	65,146144	60,465151	57,574196	22,953846	22,948564
9,000000	63,325000	176,068212	162,042603	147,719504	123,931374	78,853468	74,037588	69,678898	65,083505	60,461077	57,620592	22,944740	23,009869
10,000000	63,325000	176,066472	162,047447	147,725094	123,934167	78,847838	74,033601	69,689837	65,083336	60,447977	57,622563	22,960128	23,063484
11,000000	63,325000	176,072621	162,045592	147,729613	123,935661	78,843564	74,029966	69,627528	65,030984	60,424236	57,614944	22,953599	22,916054
12,000000	63,325000	176,075953	162,047912	147,717557	123,931862	78,841138	74,011531	69,750157	65,161024	60,344179	57,554282	22,938361	22,850634
13,000000	63,325000	176,070321	162,045356	147,724838	123,932013	78,840062	74,008104	69,867182	65,226857	60,311483	57,380685	22,939106	22,930144
14,000000	63,325000	176,073006	162,052962	147,729676	123,935790	78,844390	74,006113	69,792753	65,211891	60,340081	57,232087	22,947527	22,982735
15,000000	63,325000	176,073198	162,050963	147,726883	123,942548	78,845282	74,006474	69,740073	65,113046	60,341927	57,233697	22,920600	22,853117
16,000000	63,325000	176,069456	162,055510	147,721835	123,940251	78,858937	74,004124	69,702081	65,172429	60,370714	57,239317	22,921458	22,922145
17,000000	63,325000	176,072351	162,054917	147,720920	123,941676	78,863079	73,995096	69,657742	65,143008	60,349451	57,196918	22,935621	23,056314
18,000000	63,325000	176,062941	162,045077	147,713325	123,927717	78,841329	73,982934	69,637941	65,096424	60,319296	57,288115	22,944220	23,171490
19,000000	63,325000	176,058949	162,044279	147,717262	123,925536	78,833455	73,986741	69,712887	65,073071	60,311867	57,368427	22,963969	23,166216
20,000000	63,325000	176,060400	162,040483	147,719214	123,928576	78,824481	73,988177	69,653108	65,115540	60,300424	57,368174	22,971011	23,175208
21,000000	63,325000	176,075835	162,045811	147,723694	123,931953	78,820611	73,994029	69,851921	65,251120	60,213345	56,148373	22,988993	23,260423
22,000000	63,325000	176,058441	162,033279	147,711346	123,916160	78,784416	73,978182	69,882710	65,359515	59,992972	54,873458	22,971849	23,208824
23,000000	63,325000	176,065210	162,036228	147,717402	123,922029	78,767786	73,980670	69,897891	65,356565	59,825242	54,695983	22,969270	23,136630
24,000000	63,325000	176,067107	162,041175	147,718114	123,920969	78,753345	73,976694	69,920105	65,326712	59,770543	54,294929	22,952183	23,040422
25,000000	63,325000	176,064650	162,037245	147,715647	123,919320	78,740231	73,967302	69,993314	65,311099	59,644611	53,959770	22,935768	23,002394
26,000000	63,325000	176,068323	162,046312	147,718233	123,934162	78,749078	73,957891	69,840798	65,066879	59,580269	55,711702	22,929330	22,923663
27,000000	63,325000	176,063450	162,038980	147,711715	123,933198	78,742199	73,943001	69,813954	65,209606	59,706868	56,439669	22,906957	22,766391
28,000000	63,325000	176,065172	162,035825	147,714057	123,930490	78,728808	73,935078	69,610461	65,229831	59,850314	56,648651	22,887043	22,707993
29,000000	63,325000	176,069744	162,032884	147,708021	123,921696	78,696646	73,923795	69,550956	65,127724	59,926674	56,818985	22,883395	22,781184
30,000000	63,325000	176,077662	162,037672	147,713432	123,926001	78,686552	73,930420	69,584217	65,132501	59,965441	57,036423	22,887130	22,836297
31,000000	63,325000	176,084596	162,044721	147,713106	123,932552	78,695233	73,921590	69,764587	65,211500	60,041178	57,040074	22,900918	22,916113
32,000000	63,325000	176,074690	162,035717	147,709196	123,919834	78,686465	73,907535	69,968734	65,193560	60,002394	56,518650	22,895207	22,939604
33,000000	63,325000	176,077846	162,032342	147,713132	123,931170	78,693646	73,905742	69,882019	64,933261	59,976616	56,597250	22,895040	22,920760
34,000000	63,325000	176,084155	162,031929	147,708091	123,936823	78,684828	73,899413	69,774662	64,874625	59,979798	56,714566	22,881285	22,819115
35,000000	63,325000	176,087523	162,023954	147,697657	123,936621	78,673712	73,893496	69,753233	64,896773	60,082552	56,876559	22,869253	22,984443
36,000000	63,325000	176,080589	161,992370	147,678785	123,939175	78,637533	73,862805	69,794290	64,938196	60,045791	57,066314	22,917107	23,312381
37,000000	63,325000	176,070705	161,957845	147,645137	123,908727	78,556052	73,821104	69,918497	65,833902	60,094712	57,318947	22,922097	23,373578
38,000000	63,325000	176,056163	161,898923	147,584861	123,681731	78,195722	73,676255	70,077321	67,299897	60,294332	57,597238	22,924519	23,365903
39,000000	63,325000	176,028351	161,822845	147,490288	123,018263	77,447044	73,561950	70,321421	68,179833	60,524242	57,949289	22,916769	23,361219
40,000000	63,325000	176,003681	161,736847	147,366189	121,868378	76,690844	73,533547	70,594117	68,709124	60,777135	58,431479	22,918487	23,436230
41,000000	63,325000	175,941782	161,619443	147,163885	120,204925	76,126586	73,577307	70,833720	68,683005	61,140365	59,208561	22,895966	23,492600
42,000000	63,325000	175,854663	161,485466	146,927023	118,664793	76,010783	73,663139	71,001093	68,568288	61,422806	59,886053	22,868311	23,345384
43,000000	63,325000	175,698438	161,315965	146,618292	117,129854	75,970676	73,803121	71,203849	68,363330	61,630071	60,501982	22,862893	23,254083
44,000000	63,325000	175,483910	161,130608	146,260328	115,639114	76,014698	74,025475	71,472867	68,231144	61,832284	61,078223	22,865923	23,259634
45,000000	63,325000	175,213498	160,936281	145,848021	114,198087	76,129400	74,287708	71,709913	68,449545	62,144327	61,744202	22,883940	23,230134
46,000000	63,325000	174,735018	160,693875	145,321097	112,851436	76,226361	74,604891	72,510225	68,706779	62,734389	62,747195	22,905254	23,295566
47,000000	63,325000	174,248140	160,474465	144,858009	112,037099	76,363716	74,894955	72,893309	68,790739	63,283900	63,541739	22,916944	23,249728
48,000000	63,325000	173,666836	160,227133	144,385863	111,265139	76,545002	75,192539	73,077496	68,768096	63,788417	64,295409	22,902260	23,282058
49,000000	63,325000	173,018128	159,965802	143,928181	110,596503	76,767107	75,490124	73,358916	68,840499	64,350525	65,052396	22,894504	23,343944
50,000000	63,325000	172,303073	159,693114	143,482880	110,163561	77,004598	75,774667	73,544714	68,955860	64,877379	65,828866	22,892445	23,397791
51,000000	63,325000	171,426678	159,353336	143,002211	109,730417	77,303205	76,113141	74,036579	69,245591	65,647624	66,834551	22,901232	23,303021
52,000000	63,325000	170,619362	159,031245	142,600659	109,412758	77,578067	76,419136	74,267298	69,345325	66,162173	67,417683	22,906510	23,262326
53,000000	63,325000	169,784302	158,699148	142,227029	109,157049	77,855868	76,733427	74,554582	69,601744	66,718090	68,025309	22,895677	23,245534
54,000000	63,325000	168,927203	158,358996	141,873987	108,908848	78,145119	77,053246	74,960934	69,937245	67,305455	68,642796	22,875956	23,127740
55,000000	63,325000	168,034428	157,987191	141,534034	108,665887	78,429537	77,385677	75,300478	70,209991	67,883771	69,213994	22,848676	23,078637
56,000000	63,325000	166,977362	157,568145	141,183077	108,483394	78,783947	77,777412	75,388437	70,280023	68,369246	69,674311	22,858625	23,248058
57,000000	63,325000	166,007788	157,189289	140,889518	108,361773	79,099697	78,142696	75,700520	70,592385	68,716597	70,080649	22,862869	23,277770
58,000000	63,325000	164,951785	156,807273	140,608589	108,282470	79,452451	78,541534	76,113498	70,947279	69,101529	70,572862	22,852442	23,259817
59,000000	63,325000	163,766797	156,429186	140,355044	108,210157	79,994543	79,045171	76,664074	71,487526	69,470147	71,176741	22,860934	23,255414
60,000000	63,325000	162,424236	156,043179	140,135461	108,173359	81,048282	79,859314	77,740272	73,694269	70,089752	72,172228	22,866564	23,210399
61,000000	63,325000	160,373651	155,602311	139,907967	108,169228	82,307910	81,108647	79,570781	76,348993	70,963888	73,488842	22,877742	23,175630
62,000000	63,325000	157,094023	155,194252	139,708129	107,981277	83,270346	82,180725	80,745249	77,870789	71,712447	74,443236	22,873529	23,210856
63,000000	63,325000	151,665639	154,744947	139,490814	107,613436	84,129053	83,156048	81,835196	79,197336	72,530744	75,381766	22,849959	23,180112
64,000000	63,325000	144,789127	154,175079	139,217033	107,212497	84,888364	84,027112	82,700142	80,217926	73,444794	76,323681	22,832771	23,114579
65,000000	63,325000	137,664897	153,437314	138,901456	106,880801	85,599993	84,824074	83,400690	81,104688	74,365091	77,166198	22,836383	23,061300
66,000000	63,325000	130,287368	152,279048	138,433402	106,557646	86,354681	85,626362	84,302221	82,248009	75,376767	78,067460	22,839592	23,155214
67,000000	63,325000	124,597293	150,945651	137,964426	106,455218	86,990771	86,293049	84,839512	82,910273	76,232803	78,807408	22,858884	23,282431
68,000000	63,325000	119,971734	149,313121	137,458716	106,411211	87,591738	86,930079	85,287442	83,422346	76,908715	79,500617	22,880773	23,289615
69,000000	63,325000	116,231467	147,362502	136,909707	106,402517	88,130750	87,504412	85,888989	84,001938	77,692567	80,197866	22,889323	23,310242
70,000000	63,325000	113,075244	145,150505	136,294328	106,475919	88,644198	88,045525	86,369285	84,283219	78,535501	80,959115	22,896537	23,228033
71,000000	63,325000	110,521021	142,343169	135,504992	106,592222	89,191652	88,618059	86,203275	84,165993	78,867052	81,287057	22,893007	23,106571
72,000000	63,325000	108,943040	139,694844	134,752854	106,714451	89,597998	89,054390	86,701965	84,541758	79,100352	81,581320	22,889194	23,232781
73,000000	63,325000	107,949258	136,992869	133,938168	106,826537	89,950841	89,441593	87,241795	84,937563	79,628379	82,140666	22,883782	23,306276
74,000000	63,325000	106,946684	134,401640	133,063905	106,911544	90,268822	89,771110	87,673743	85,076047	80,161874	82,694095	22,894769	23,365087
75,000000	63,325000	106,323797	131,988526	132,156429	107,103879	90,537307	90,069232	87,832461	85,181134	80,604115	83,134571	22,909360	23,471154
76,000000	63,325000	105,481174	129,477314	131,144360	107,472909	90,807374	90,361450	88,041730	85,102479	81,129163	83,681603	22,915724	23,396038
77,000000	63,325000	105,100520	127,506690	130,298428	107,705684	91,027987	90,589246	88,105626	84,923344	81,421137	84,020941	22,920084	23,283920
78,000000	63,325000	104,779174	125,744916	129,455890	107,860547	91,195489	90,780733	87,903412	84,596072	81,456404	84,094820	22,913532	23,265555
79,000000	63,325000	104,595858	124,183897	128,639139	107,992189	91,338606	90,932549	87,823421	84,426502	81,507161	84,202504	22,921233	23,267706
80,000000	63,325000	104,303972	122,764806	127,855314	108,133339	91,448067	91,051003	88,048878	84,376499	81,661971	84,447922	22,915233	23,243008
81,000000	63,325000	103,795020	121,438343	127,020219	108,318440	91,563697	91,173118	88,290654	84,346611	81,857196	84,637740	22,908051	23,234906
82,000000	63,325000	103,761774	120,457037	126,344723	108,455491	91,652262	91,250070	88,385929	84,474474	82,045675	84,851413	22,866503	23,029613
83,000000	63,325000	103,535127	119,600658	125,722704	108,587508	91,744787	91,334200	88,502110	84,529600	82,327892	85,090281	22,848235	23,023786
84,000000	63,325000	103,396536	118,757855	125,131375	108,697117	91,835438	91,408792	88,363040	84,611713	82,524460	85,261503	22,811512	23,117055
85,000000	63,325000	103,230549	117,994391	124,582279	108,808691	91,908608	91,464854	88,196950	84,504073	82,569815	85,266834	22,782257	23,030998
86,000000	63,325000	103,091095	117,228768	124,000249	108,939709	91,971294	91,499115	88,360480	84,364801	82,535498	85,080502	22,737580	22,954048
87,000000	63,325000	103,123557	116,677338	123,538219	109,090508	92,022009	91,502301	88,252462	84,272635	82,535338	85,052048	22,727027	23,008041
88,000000	63,325000	102,972123	116,207709	123,121314	109,261740	92,065504	91,490373	88,242939	84,193543	82,544345	85,101114	22,739264	23,169231
89,000000	63,325000	102,768408	115,776876	122,744974	109,412767	92,095002	91,461853	88,230134	84,292349	82,534491	85,146086	22,766577	23,219964
90,000000	63,325000	102,729398	115,364105	122,409225	109,550207	92,127884	91,439497	88,261450	84,195229	82,634458	85,278048	22,825491	23,278709
91,000000	63,325000	102,332374	114,915508	122,067579	109,743166	92,183539	91,448635	88,488653	84,429228	82,921676	85,387806	22,832397	23,354632
92,000000	63,325000	102,053370	114,563299	121,783308	109,867604	92,220600	91,444372	88,295778	84,227738	82,936783	85,217911	22,807970	23,294745
93,000000	63,325000	101,999443	114,247906	121,531745	110,000297	92,272519	91,443911	88,275591	84,193434	82,833210	85,084578	22,788878	23,273646
94,000000	63,325000	101,869034	113,956604	121,302586	110,060912	92,306541	91,431390	88,501280	84,373783	82,860703	85,171710	22,798953	23,243284
95,000000	63,325000	101,859429	113,688623	121,085537	110,098441	92,336657	91,425069	88,422326	84,263093	83,003961	85,230679	22,820417	23,196074
96,000000	63,325000	101,971486	113,389888	120,859084	110,105633	92,377453	91,419109	88,172073	84,213956	82,969392	85,088679	22,751037	23,038866
97,000000	63,325000	101,784683	113,152056	120,665016	110,092061	92,405031	91,395480	88,159956	84,126379	82,920676	85,060340	22,776406	23,020599
98,000000	63,325000	101,714539	112,922159	120,470230	110,058593	92,420858	91,363714	88,096114	84,158126	82,898388	85,074724	22,797112	23,073702
99,000000	63,325000	101,717754	112,684494	120,284847	110,047014	92,437817	91,346620	88,308599	84,316747	82,977056	85,194453	22,792159	23,016061
100,000000	63,325000	101,553196	112,467860	120,102459	110,109776	92,467324	91,344673	88,728656	84,601432	83,198412	85,355131	22,792219	22,970893
101,000000	63,325000	101,241129	112,247800	119,926279	110,193848	92,491125	91,349698	88,809364	84,718043	83,448932	85,307184	22,796905	22,882995
102,000000	63,325000	101,438736	112,062900	119,783951	110,255625	92,519831	91,363816	88,787303	84,959559	83,542348	85,286019	22,796279	22,918682
103,000000	63,325000	101,595107	111,886256	119,646452	110,322777	92,545300	91,382470	88,649094	84,881927	83,569630	85,178750	22,797735	23,111281
104,000000	63,325000	101,447650	111,706616	119,525479	110,378996	92,572701	91,392022	88,368155	84,646998	83,461113	85,022409	22,804289	23,303218
105,000000	63,325000	101,617552	111,558302	119,414884	110,422551	92,603376	91,376227	88,149804	84,439267	83,302975	84,944901	22,798428	23,431776
106,000000	63,325000	101,012172	111,415849	119,287927	110,511643	92,641646	91,335752	88,003967	84,187155	83,112312	84,926612	22,802510	23,354220
107,000000	63,325000	100,952778	111,281959	119,203002	110,611504	92,661914	91,298992	87,772191	84,048532	82,938588	84,885055	22,819143	23,461218
108,000000	63,325000	100,577039	111,128382	119,107751	110,676185	92,664552	91,240129	87,680384	83,947906	82,806848	84,770620	22,799059	23,377654
109,000000	63,325000	100,601054	110,985042	119,034526	110,745797	92,676704	91,187412	87,745635	83,868641	82,764099	84,720663	22,770197	23,250277
110,000000	63,325000	100,793177	110,864038	118,964460	110,821808	92,693496	91,133346	87,711342	83,907113	82,760786	84,773779	22,772127	23,257983
111,000000	63,325000	100,301221	110,731155	118,881253	110,881287	92,695776	91,079137	87,728511	83,817517	82,705265	84,802152	22,777510	23,156185
112,000000	63,325000	100,245539	110,625802	118,817357	110,950319	92,700366	91,036871	87,687434	83,775005	82,724850	84,782336	22,806347	23,143493
113,000000	63,325000	100,348445	110,521011	118,760341	111,029996	92,698352	90,997388	87,817998	83,901541	82,897522	84,904887	22,814734	23,178767
114,000000	63,325000	100,539274	110,419708	118,706312	111,087887	92,696094	90,973234	88,004979	84,143213	83,089011	84,996280	22,805324	23,170549
115,000000	63,325000	100,735093	110,352073	118,654887	111,155329	92,698734	90,964469	87,924688	84,164976	83,204530	85,016370	22,792234	23,059490
116,000000	63,325000	100,395512	110,252328	118,603519	111,228827	92,704290	90,959225	87,636408	84,015307	83,118463	84,928862	22,759760	22,921796
117,000000	63,325000	100,724676	110,185990	118,562797	111,279739	92,711188	90,954879	87,853378	84,048161	83,160308	84,999253	22,762920	23,044310
118,000000	63,325000	100,907844	110,123616	118,520991	111,298920	92,719513	90,942197	87,940750	84,031667	83,219190	84,963977	22,754272	23,048902
119,000000	63,325000	100,591951	110,074349	118,487783	111,300822	92,734500	90,944104	87,775486	84,024251	83,186174	85,020893	22,745588	22,936985
120,000000	63,325000	100,514722	110,008369	118,446672	111,324494	92,735158	90,935970	87,711438	83,942740	83,065373	84,805705	22,699249	22,787575
121,000000	63,325000	100,132658	109,923820	118,418190	111,363830	92,743713	90,945894	87,770542	83,958031	82,960797	84,588313	22,700670	22,904180
122,000000	63,325000	100,029586	109,856752	118,379837	111,403665	92,749964	90,907519	87,755578	83,967706	82,816313	84,370240	22,698142	22,964340
123,000000	63,325000	100,104302	109,800935	118,345433	111,458968	92,752699	90,867399	87,511775	83,844237	82,797722	84,371751	22,711730	23,154676
124,000000	63,325000	100,015015	109,753060	118,320229	111,536608	92,757886	90,829670	87,542493	83,719672	82,777663	84,448344	22,719941	23,239088
125,000000	63,325000	99,841728	109,727273	118,301109	111,628145	92,757243	90,796402	87,503997	83,674405	82,743483	84,420932	22,733794	23,225541
126,000000	63,325000	100,092368	109,678277	118,282049	111,741021	92,762809	90,736562	87,285785	83,561140	82,672448	84,263843	22,749123	23,172578
127,000000	63,325000	99,544619	109,652942	118,261485	111,825009	92,768457	90,691425	87,154849	83,436445	82,486943	84,114638	22,747766	23,228713
128,000000	63,325000	99,687671	109,609621	118,256636	111,906826	92,780138	90,631093	87,047936	83,333578	82,412539	84,158470	22,768366	23,223091
129,000000	63,325000	99,423244	109,593446	118,244823	111,991641	92,784443	90,590906	87,367245	83,424438	82,462077	84,263888	22,761994	23,118604
130,000000	63,325000	99,421957	109,554737	118,241428	112,076273	92,788737	90,560596	87,528750	83,784381	82,777505	84,590984	22,764049	23,196706
131,000000	63,325000	99,406028	109,505457	118,248251	112,156183	92,781056	90,557783	87,502039	83,862518	83,056153	84,614050	22,795045	23,321376
132,000000	63,325000	99,554572	109,442930	118,243722	112,224695	92,782291	90,557775	87,434310	83,938493	83,112582	84,660974	22,762817	23,234336
133,000000	63,325000	99,713472	109,396360	118,242239	112,286076	92,784408	90,553952	87,440113	83,965957	83,209791	84,707702	22,758786	23,171292
134,000000	63,325000	99,505481	109,352494	118,239667	112,338796	92,797079	90,561008	87,378419	83,933265	83,130884	84,666979	22,750841	23,183131
135,000000	63,325000	99,323182	109,312709	118,239446	112,401831	92,809643	90,575841	87,351424	83,882566	83,067016	84,668992	22,756912	23,211037
136,000000	63,325000	99,649957	109,239307	118,246418	112,504095	92,830290	90,583828	87,220600	83,782298	83,098884	84,637882	22,757184	23,196812
137,000000	63,325000	99,652179	109,148287	118,236164	112,582332	92,834469	90,569167	87,141687	83,763778	83,006713	84,511683	22,741050	23,171512
138,000000	63,325000	99,491481	109,094911	118,239849	112,686007	92,843472	90,559775	86,904895	83,463183	82,765569	84,302394	22,738918	23,240946
139,000000	63,325000	99,384227	109,060765	118,250735	112,813334	92,875674	90,543628	86,795910	83,352584	82,617993	84,085103	22,738924	23,238620
140,000000	63,325000	99,091221	109,033800	118,269432	112,950558	92,886417	90,515597	86,752208	83,141246	82,540333	84,011895	22,751626	23,273645
141,000000	63,325000	98,731624	108,989717	118,276033	113,084614	92,896168	90,465088	86,638058	83,059336	82,366063	83,900385	22,744322	23,255066
142,000000	63,325000	99,131366	108,969644	118,289526	113,178054	92,904858	90,416038	86,567462	82,929814	82,183691	83,692444	22,762623	23,306122
143,000000	63,325000	99,310575	109,010445	118,300796	113,262151	92,906336	90,358536	86,432327	82,873836	82,059045	83,524980	22,761154	23,241701
144,000000	63,325000	98,956348	109,055576	118,319196	113,334163	92,895620	90,295509	86,494537	82,874820	81,991149	83,481638	22,757780	23,251412
145,000000	63,325000	98,939562	109,098087	118,341944	113,413931	92,881133	90,239494	86,487004	82,871424	81,986175	83,452158	22,758522	23,173780
146,000000	63,325000	98,776639	109,154844	118,368264	113,490492	92,869018	90,199129	86,609608	82,979725	82,087977	83,455607	22,742604	23,083775
147,000000	63,325000	98,891373	109,165682	118,392055	113,517672	92,850580	90,161297	86,768620	83,179723	82,258169	83,518142	22,742178	23,084268
148,000000	63,325000	98,796299	109,166335	118,411539	113,557130	92,835049	90,133911	86,840442	83,231254	82,362739	83,532375	22,750612	23,092083
149,000000	63,325000	98,701358	109,167538	118,433600	113,606856	92,810380	90,114645	86,739337	83,127608	82,357967	83,625703	22,758495	23,224202
150,000000	63,325000	98,959199	109,169511	118,454426	113,623993	92,798563	90,093374	86,721683	83,141777	82,308872	83,678274	22,747457	23,298698
151,000000	63,325000	98,587543	109,164539	118,480875	113,635252	92,778694	90,087610	86,567881	83,066749	82,248914	83,600448	22,754255	23,371719
152,000000	63,325000	98,461897	109,153595	118,495247	113,639095	92,771010	90,088272	86,250771	82,849380	82,127903	83,343740	22,777590	23,372234
153,000000	63,325000	98,366989	109,156686	118,505944	113,665669	92,756147	90,073075	86,214977	82,741720	81,952384	83,168386	22,798472	23,336691
154,000000	63,325000	98,637723	109,154985	118,521367	113,712345	92,754527	90,042686	86,205440	82,747345	81,869775	83,109487	22,806658	23,305136
155,000000	63,325000	98,847543	109,154836	118,541968	113,775318	92,758497	90,007350	86,108671	82,599492	81,858259	83,102636	22,780846	23,191840
156,000000	63,325000	98,659447	109,158297	118,548500	113,846155	92,753370	89,946386	86,185148	82,644859	81,840729	83,147278	22,776548	23,081120
157,000000	63,325000	98,595049	109,151568	118,576731	113,925020	92,757386	89,915834	86,133527	82,643853	81,852443	83,154973	22,781212	23,103760
158,000000	63,325000	98,416754	109,129620	118,593783	113,997497	92,764314	89,878197	86,080274	82,705978	81,878338	83,230110	22,790737	23,240731
159,000000	63,325000	98,197694	109,112817	118,611499	114,071026	92,771798	89,844108	85,963216	82,638088	81,932561	83,223931	22,796742	23,385931
160,000000	63,325000	98,030407	109,091547	118,620929	114,137310	92,771635	89,812702	85,970256	82,640109	81,933900	83,147035	22,807988	23,447976
161,000000	63,325000	97,743417	109,078200	118,639664	114,203111	92,772928	89,785817	85,874155	82,512155	81,857156	83,097850	22,818237	23,479160
162,000000	63,325000	97,796970	109,071248	118,662328	114,289295	92,798355	89,767042	85,960914	82,381673	81,848683	83,171966	22,824216	23,507035
163,000000	63,325000	97,705042	109,057074	118,689891	114,375107	92,826629	89,752903	85,945531	82,349765	81,752107	83,164768	22,824526	23,457570
164,000000	63,325000	97,773582	109,044878	118,703092	114,454639	92,849093	89,729599	85,994682	82,408833	81,738260	83,151123	22,811897	23,395640
165,000000	63,325000	98,026555	109,038726	118,723977	114,542771	92,859944	89,708576	86,101265	82,638668	81,942373	83,264392	22,797702	23,398248
166,000000	63,325000	97,954265	109,016897	118,742002	114,637720	92,888534	89,694105	86,541382	83,145754	82,375061	83,633325	22,819103	23,426006
167,000000	63,325000	98,143711	108,995105	118,763129	114,718217	92,909944	89,683689	86,686921	83,314472	82,713281	83,840625	22,822447	23,458019
168,000000	63,325000	98,032374	108,962684	118,782427	114,798294	92,941336	89,686177	86,620492	83,439820	82,909217	83,971275	22,827898	23,454059
169,000000	63,325000	98,005220	108,944648	118,799136	114,882767	92,979028	89,707409	86,562188	83,411132	82,909177	83,942578	22,823192	23,460446
170,000000	63,325000	97,959558	108,950039	118,831804	114,962772	93,012410	89,733889	86,692295	83,594593	82,940081	83,967332	22,836759	23,500677
171,000000	63,325000	98,100070	108,943415	118,855689	115,053599	93,073642	89,762496	86,275998	83,320251	82,743586	83,677240	22,845744	23,483425
172,000000	63,325000	98,117647	108,939288	118,881470	115,135842	93,112812	89,780379	85,965301	82,980147	82,420579	83,412615	22,828777	23,402634
173,000000	63,325000	98,043567	108,919843	118,905306	115,243365	93,157473	89,791248	85,921565	82,799993	82,250773	83,229482	22,813062	23,321208
174,000000	63,325000	98,099872	108,940211	118,931933	115,386888	93,219936	89,800228	85,932844	82,745514	82,177243	83,075304	22,821634	23,266479
175,000000	63,325000	98,044918	108,947922	118,964368	115,557389	93,271288	89,787928	85,980097	82,800188	82,159281	83,113949	22,821355	23,285974
176,000000	63,325000	97,687524	108,938486	119,009481	115,797499	93,355717	89,768011	85,819376	82,738191	82,142578	83,105570	22,820361	23,401073
177,000000	63,325000	97,741882	108,927604	119,046105	116,009076	93,422958	89,743365	85,666974	82,442839	81,898206	82,985737	22,813159	23,311782
178,000000	63,325000	97,588394	108,897554	119,086556	116,213387	93,491925	89,722112	85,766998	82,450116	81,796655	83,008262	22,795728	23,241019
179,000000	63,325000	97,497204	108,892199	119,128346	116,414972	93,568987	89,703499	85,968816	82,720262	82,011350	83,168967	22,790731	23,247080
180,000000	63,325000	97,623284	108,895527	119,183502	116,602337	93,645420	89,690695	86,090883	82,868935	82,223282	83,300387	22,804064	23,308586
181,000000	63,325000	96,865098	108,857549	119,248936	116,811424	93,743801	89,674062	85,857292	82,773624	82,217887	83,414582	22,820055	23,349531
182,000000	63,325000	97,126879	108,802851	119,306390	116,988018	93,826667	89,685661	85,790978	82,752410	82,150928	83,314126	22,852219	23,404180
183,000000	63,325000	96,988985	108,804246	119,357808	117,155058	93,906237	89,691250	85,755702	82,581663	82,055831	83,203661	22,855432	23,447379
184,000000	63,325000	96,927247	108,795601	119,414238	117,304971	93,984709	89,703097	85,455545	82,447068	81,973011	83,065035	22,850063	23,480017
185,000000	63,325000	97,438124	108,776741	119,460164	117,448005	94,054100	89,704585	85,131171	82,164781	81,699286	82,771578	22,839717	23,489104
186,000000	63,325000	97,284538	108,772278	119,527527	117,610311	94,145233	89,695801	85,250814	82,098644	81,588320	82,684987	22,843655	23,476752
187,000000	63,325000	97,297213	108,783433	119,577569	117,748012	94,228608	89,698859	85,518594	82,309952	81,745573	82,827583	22,858519	23,460632
188,000000	63,325000	96,987467	108,762336	119,623498	117,879466	94,309878	89,695748	85,523651	82,426156	81,892695	82,920536	22,859504	23,457755
189,000000	63,325000	96,734698	108,737055	119,675782	117,999693	94,383008	89,690621	85,488481	82,357227	81,858067	82,921093	22,861603	23,478774
190,000000	63,325000	96,521920	108,731128	119,729460	118,117006	94,463777	89,691061	85,273919	82,092673	81,688939	82,751346	22,868148	23,416037
191,000000	63,325000	97,295169	108,748530	119,789764	118,252893	94,560334	89,708588	85,401718	82,341475	81,725341	82,817698	22,876747	23,449247
192,000000	63,325000	97,280975	108,757337	119,837846	118,357587	94,628511	89,713073	85,498240	82,423390	81,926977	82,872252	22,886500	23,477797
193,000000	63,325000	96,916181	108,787156	119,888964	118,469251	94,704393	89,720110	85,169085	82,026123	81,724032	82,609677	22,891047	23,508867
194,000000	63,325000	96,914202	108,801518	119,941321	118,583435	94,774862	89,732682	84,849763	81,817896	81,449956	82,476631	22,873154	23,530217
195,000000	63,325000	97,098902	108,814803	119,979207	118,665612	94,837286	89,732773	84,696602	81,613021	81,238356	82,432908	22,879460	23,601985
196,000000	63,325000	96,999838	108,813055	120,033308	118,773803	94,916821	89,741838	84,678249	81,584070	81,159164	82,320322	22,886335	23,636977
197,000000	63,325000	97,077945	108,802154	120,083855	118,875776	94,977299	89,742652	84,648440	81,572416	81,205562	82,334957	22,872316	23,623325
198,000000	63,325000	96,980671	108,801046	120,128779	118,971106	95,045217	89,737967	84,687070	81,518148	81,188270	82,313083	22,894881	23,605459
199,000000	63,325000	96,838573	108,790552	120,169190	119,054164	95,100146	89,731169	84,796933	81,497273	81,127702	82,191701	22,907234	23,588099
200,000000	63,325000	96,503482	108,773403	120,208980	119,134527	95,145628	89,727806	84,964084	81,666219	81,161238	82,232662	22,902636	23,504156
201,000000	63,325000	96,438744	108,750630	120,255149	119,228754	95,207871	89,728368	85,012408	81,904367	81,323172	82,418421	22,909015	23,463509
202,000000	63,325000	96,145242	108,745125	120,287053	119,304687	95,240511	89,716958	84,971007	81,790287	81,380868	82,442292	22,896709	23,482642
203,000000	63,325000	96,026178	108,737798	120,325584	119,377384	95,287291	89,716732	85,145215	81,956596	81,445394	82,545949	22,889704	23,497205
204,000000	63,325000	96,245415	108,730916	120,361131	119,460756	95,328831	89,728438	85,208462	82,032323	81,473218	82,498747	22,890255	23,524819
205,000000	63,325000	96,340568	108,708088	120,390397	119,517977	95,361337	89,733095	84,967027	81,856210	81,369156	82,338531	22,881419	23,512899
206,000000	63,325000	96,248336	108,700547	120,431478	119,598045	95,419056	89,744156	84,646382	81,474111	81,081445	82,065617	22,894288	23,521087
207,000000	63,325000	96,344394	108,714994	120,464115	119,670619	95,464223	89,751111	84,530966	81,334859	80,845378	81,826868	22,906185	23,556169
208,000000	63,325000	96,589923	108,717948	120,487337	119,731088	95,494127	89,745684	84,416484	81,153762	80,632507	81,616576	22,898323	23,534596
209,000000	63,325000	96,360614	108,714626	120,514989	119,792764	95,528230	89,737706	84,288236	81,048145	80,532587	81,486063	22,906863	23,518547
210,000000	63,325000	96,666017	108,717389	120,552829	119,857482	95,570908	89,731879	84,272109	81,055391	80,483186	81,511609	22,901826	23,504916
211,000000	63,325000	96,306378	108,728660	120,580490	119,912620	95,599136	89,721523	84,242212	81,027498	80,486526	81,508716	22,894568	23,517468
212,000000	63,325000	96,157042	108,725514	120,611165	119,974539	95,625847	89,700530	84,264414	81,027533	80,502704	81,573856	22,889101	23,524813
213,000000	63,325000	96,412162	108,700582	120,631984	120,023756	95,648874	89,685369	84,521672	81,237968	80,685854	81,754591	22,904777	23,537028
214,000000	63,325000	96,562258	108,678840	120,655995	120,067919	95,669734	89,671471	84,713469	81,341968	80,840439	81,855654	22,907369	23,515841
215,000000	63,325000	96,387715	108,697319	120,679301	120,123805	95,694742	89,664321	84,518515	81,471941	80,921175	81,935874	22,905276	23,514095
216,000000	63,325000	96,433892	108,694319	120,699406	120,162701	95,711311	89,640507	84,424677	81,423073	81,052874	82,062902	22,889127	23,448728
217,000000	63,325000	96,056713	108,693979	120,723140	120,218528	95,737533	89,649404	84,411760	81,334580	81,012519	82,037212	22,904453	23,478602
218,000000	63,325000	96,433697	108,652984	120,735250	120,256665	95,751714	89,647866	84,456407	81,207549	80,846253	81,879822	22,899746	23,455627
219,000000	63,325000	96,037534	108,622167	120,758744	120,302198	95,773307	89,651687	84,584745	81,366845	80,794162	81,746939	22,906536	23,470131
220,000000	63,325000	95,971704	108,596347	120,772589	120,346285	95,804262	89,653536	84,451875	81,314940	80,748917	81,618786	22,912168	23,519755
221,000000	63,325000	96,181159	108,605608	120,794558	120,393025	95,819492	89,668376	84,818179	81,478784	80,818588	81,640775	22,930267	23,570816
222,000000	63,325000	96,311049	108,615656	120,801411	120,420357	95,834195	89,655508	84,811706	81,522941	80,923976	81,694819	22,936956	23,558768
223,000000	63,325000	96,015509	108,616322	120,817878	120,461137	95,857779	89,658288	84,839276	81,672681	81,029450	81,744508	22,932478	23,514235
224,000000	63,325000	95,828170	108,621469	120,833207	120,497172	95,881384	89,669328	84,903613	81,762746	81,021384	81,690243	22,947312	23,480125
225,000000	63,325000	95,481923	108,620374	120,857113	120,539597	95,904874	89,674815	84,940406	81,727594	81,012380	81,698045	22,933997	23,506352
226,000000	63,325000	95,862920	108,553362	120,870238	120,566149	95,938784	89,693492	85,163764	81,934135	81,145157	81,667703	22,927943	23,436654
227,000000	63,325000	95,861557	108,550358	120,877958	120,599105	95,957793	89,704402	85,246331	81,992493	81,191371	81,683367	22,926814	23,465613
228,000000	63,325000	95,892862	108,561689	120,892440	120,637506	95,985828	89,725322	85,273219	81,940705	81,050456	81,584993	22,942231	23,510218
229,000000	63,325000	96,080608	108,563180	120,911485	120,669269	96,024745	89,743799	85,202174	81,829609	80,937110	81,464629	22,954011	23,500272
230,000000	63,325000	96,017838	108,578492	120,912599	120,698058	96,050654	89,759201	84,836952	81,635470	80,742944	81,176636	22,944399	23,593908
231,000000	63,325000	95,374609	108,596796	120,937438	120,734457	96,086634	89,773265	84,540818	81,403058	80,573376	81,006960	22,934245	23,561373
232,000000	63,325000	95,753973	108,600660	120,951007	120,761770	96,113483	89,785783	84,309366	81,156199	80,347699	80,810740	22,933057	23,494251
233,000000	63,325000	96,105196	108,624360	120,970994	120,785495	96,156479	89,788871	84,417207	81,071410	80,182931	80,784854	22,928384	23,476204
234,000000	63,325000	95,662476	108,635523	120,979036	120,811170	96,185468	89,788087	84,956206	81,552141	80,419293	81,000659	22,926039	23,535250
235,000000	63,325000	95,923258	108,605192	121,000631	120,837050	96,205985	89,779349	84,899052	81,622870	80,666808	81,116380	22,938615	23,552895
236,000000	63,325000	95,132534	108,575176	121,013261	120,866541	96,243108	89,780386	85,112309	81,908136	80,908571	81,493058	22,956055	23,569319
237,000000	63,325000	95,225617	108,544972	121,023746	120,896427	96,268218	89,788283	85,219798	82,220201	81,141600	81,689049	22,979817	23,588730
238,000000	63,325000	95,769969	108,521516	121,034215	120,921406	96,299355	89,800365	85,290785	82,246596	81,115494	81,608809	22,959197	23,585984
239,000000	63,325000	96,050950	108,540301	121,045127	120,942453	96,320265	89,812627	85,173862	82,170939	81,019594	81,458425	22,946812	23,587490
240,000000	63,325000	96,120593	108,573192	121,055126	120,963873	96,347707	89,832635	85,241159	82,285724	81,092318	81,407676	22,954237	23,616308
241,000000	63,325000	96,273549	108,570965	121,068670	121,002991	96,383835	89,858515	85,332717	82,513153	81,422667	81,720437	22,966989	23,644520
242,000000	63,325000	96,502570	108,592722	121,086283	121,036623	96,419344	89,891450	85,486755	82,636156	81,514321	81,835230	22,990907	23,693202
243,000000	63,325000	96,813793	108,620788	121,099068	121,052562	96,447104	89,905444	85,489219	82,677017	81,576299	81,912833	22,987665	23,685035
244,000000	63,325000	96,966203	108,658823	121,107386	121,070850	96,476500	89,934429	85,460451	82,650848	81,647473	81,978292	22,999922	23,694332
245,000000	63,325000	96,445948	108,712320	121,134870	121,105058	96,524220	89,980487	85,859461	82,886983	81,732286	82,006176	23,011912	23,590322
246,000000	63,325000	96,155841	108,687661	121,143576	121,117044	96,551247	90,005791	85,769670	82,939509	81,833538	82,066944	23,025341	23,616003
247,000000	63,325000	96,819269	108,687189	121,155069	121,141562	96,581798	90,040284	85,516664	82,751462	81,801747	82,141025	23,020329	23,742217
248,000000	63,325000	96,767672	108,728108	121,176633	121,172967	96,621333	90,075576	85,213989	82,414861	81,560567	81,965530	23,013093	23,762578
249,000000	63,325000	96,340886	108,759690	121,192526	121,198572	96,657516	90,109617	85,093068	82,081851	81,186637	81,548632	22,991599	23,717966
250,000000	63,325000	96,236862	108,779197	121,212419	121,219204	96,682531	90,137158	84,945949	81,833969	80,840671	81,219395	22,996315	23,757824
251,000000	63,325000	95,983860	108,806821	121,240230	121,249104	96,723838	90,174880	85,264006	82,147205	80,829835	81,239447	23,015266	23,669876
252,000000	63,325000	96,666478	108,818416	121,266675	121,284294	96,765428	90,188034	85,473662	82,548365	81,259136	81,579771	23,034579	23,729854
253,000000	63,325000	96,685774	108,808921	121,278126	121,301469	96,786419	90,192992	85,721109	82,770852	81,602666	81,966461	23,030643	23,705255
254,000000	63,325000	95,821400	108,801594	121,295794	121,321129	96,800249	90,201398	85,631962	82,871374	81,710927	82,100093	23,021896	23,778549
255,000000	63,325000	95,490037	108,791480	121,311376	121,353397	96,826927	90,211014	85,695645	82,971950	81,783966	82,139113	23,032193	23,788983
256,000000	63,325000	96,335364	108,767814	121,325290	121,372293	96,856578	90,231730	85,918960	83,290250	82,084726	82,350901	23,036619	23,799744
257,000000	63,325000	96,767207	108,813848	121,343341	121,397158	96,884149	90,266079	85,805375	83,129138	82,121245	82,320337	23,045608	23,798476
258,000000	63,325000	96,387028	108,852246	121,362435	121,422326	96,913635	90,297994	85,892613	83,200977	82,187785	82,389725	23,054629	23,678883
259,000000	63,325000	96,361215	108,844342	121,373981	121,442261	96,934220	90,326470	86,039946	83,322675	82,198999	82,390549	23,051237	23,649742
260,000000	63,325000	96,513574	108,845026	121,391687	121,473241	96,966234	90,360349	86,152255	83,250009	82,259510	82,457121	23,063260	23,618681
261,000000	63,325000	96,119100	108,867624	121,407411	121,496967	96,999726	90,407413	86,205518	83,267268	82,126500	82,449333	23,050562	23,657895
262,000000	63,325000	95,862419	108,862685	121,433074	121,530083	97,038092	90,452487	86,102495	83,096765	81,910847	82,244319	23,044525	23,685760
263,000000	63,325000	95,960155	108,852472	121,440826	121,538509	97,060809	90,487142	85,979227	82,991811	81,820401	82,048097	23,032178	23,734183
264,000000	63,325000	96,307362	108,854705	121,465237	121,573233	97,096271	90,525975	85,943726	82,829751	81,683108	81,852189	23,046484	23,759242
265,000000	63,325000	96,013977	108,859518	121,466672	121,595944	97,122737	90,555195	85,714275	82,604992	81,465476	81,699033	23,045714	23,736810
266,000000	63,325000	95,813149	108,867352	121,488200	121,627719	97,170045	90,583681	85,504751	82,579270	81,354874	81,678229	23,046305	23,687576
267,000000	63,325000	95,708746	108,856054	121,501977	121,649046	97,207543	90,606428	85,476506	82,389038	81,318617	81,771520	23,058908	23,700430
268,000000	63,325000	95,819400	108,848127	121,506272	121,661792	97,216134	90,612491	85,695978	82,579419	81,448561	81,866740	23,041426	23,712355
269,000000	63,325000	95,752724	108,843143	121,517813	121,680111	97,241442	90,617269	85,944781	82,794714	81,666678	82,047462	23,043285	23,704620
270,000000	63,325000	96,110541	108,840281	121,532771	121,706280	97,255090	90,625815	85,966772	82,947275	81,632931	82,115910	23,056172	23,698461
271,000000	63,325000	96,875863	108,870372	121,537991	121,726954	97,271973	90,623690	85,947143	83,021795	81,768868	82,227782	23,056870	23,711538
272,000000	63,325000	96,896753	108,916510	121,561152	121,754479	97,290064	90,627736	85,942282	83,038640	81,827505	82,189251	23,079149	23,694277
273,000000	63,325000	96,821537	108,948416	121,568852	121,768989	97,298751	90,629470	85,888234	83,041354	81,831867	82,127448	23,082170	23,737911
274,000000	63,325000	96,897429	108,981648	121,580982	121,786641	97,325367	90,645646	85,868707	83,054645	81,900713	82,208426	23,077524	23,766090
275,000000	63,325000	96,702350	109,024235	121,603118	121,810892	97,353561	90,665723	86,027526	83,064466	81,900604	82,295248	23,084955	23,722275
276,000000	63,325000	97,058996	109,038875	121,613623	121,824317	97,370790	90,681095	86,039593	83,025968	81,874374	82,295585	23,068397	23,619073
277,000000	63,325000	96,501425	109,058489	121,646838	121,855626	97,401208	90,713480	85,994130	83,080279	81,926876	82,361888	23,067870	23,681408
278,000000	63,325000	97,049016	109,073100	121,668245	121,879725	97,425545	90,748093	85,941678	83,014935	81,911563	82,312690	23,078755	23,725790
279,000000	63,325000	96,902553	109,104202	121,682011	121,891174	97,439689	90,750490	86,041751	83,049722	81,810157	82,264801	23,083452	23,679315
280,000000	63,325000	96,447173	109,150608	121,698734	121,902849	97,458701	90,768675	86,258635	83,144392	81,821867	82,289418	23,075867	23,682518
281,000000	63,325000	96,199430	109,148639	121,717483	121,934956	97,485480	90,801213	85,992777	82,919258	81,846538	82,299987	23,087635	23,836239
282,000000	63,325000	96,490838	109,126028	121,736966	121,948747	97,506820	90,819647	85,970470	83,261951	81,998284	82,506686	23,081180	23,764851
283,000000	63,325000	96,816990	109,148614	121,751679	121,972578	97,528678	90,836020	85,999020	83,264130	82,157224	82,598249	23,098267	23,806131
284,000000	63,325000	96,596839	109,171282	121,776747	121,995197	97,561542	90,865952	86,131434	83,336247	82,251418	82,696705	23,119025	23,835035
285,000000	63,325000	96,514965	109,175569	121,783904	122,010799	97,576229	90,886970	86,219286	83,590046	82,328699	82,760103	23,092618	23,783454
286,000000	63,325000	97,009621	109,193548	121,796613	122,026620	97,594475	90,903082	86,246416	83,578005	82,433806	82,953470	23,081686	23,744571
287,000000	63,325000	97,056451	109,227315	121,812807	122,047176	97,613869	90,937765	86,323753	83,511210	82,430729	82,911105	23,070128	23,678009
288,000000	63,325000	97,328508	109,269628	121,842797	122,071953	97,644772	90,971376	86,254009	83,487322	82,353984	82,816776	23,078693	23,679302
289,000000	63,325000	97,164908	109,305225	121,862795	122,101258	97,666778	90,998210	86,183258	83,421177	82,434282	82,948448	23,087722	23,649573
290,000000	63,325000	96,493802	109,298423	121,872467	122,111313	97,688303	91,014447	85,952455	83,129993	82,227432	82,674541	23,064280	23,605636
291,000000	63,325000	97,185031	109,321471	121,904625	122,153350	97,731215	91,057765	85,809010	83,119767	82,146618	82,731615	23,085086	23,648429
292,000000	63,325000	97,758138	109,360260	121,925668	122,168734	97,756435	91,087042	85,818429	82,944102	82,150513	82,739843	23,098677	23,697275
293,000000	63,325000	98,006765	109,399469	121,940396	122,183297	97,775373	91,092474	85,611000	82,661872	81,973154	82,625506	23,102553	23,685135
294,000000	63,325000	97,798690	109,424962	121,958733	122,192733	97,786861	91,090527	85,509851	82,503845	81,786186	82,509242	23,079831	23,690603
295,000000	63,325000	97,143391	109,431820	121,979973	122,223694	97,810852	91,106306	85,471978	82,323068	81,579052	82,293272	23,098687	23,658270
296,000000	63,325000	96,526411	109,426576	121,998577	122,231535	97,821185	91,098451	85,534836	82,268714	81,382213	82,080781	23,100003	23,670475
297,000000	63,325000	97,159117	109,411383	122,008631	122,251411	97,831811	91,088336	85,413087	82,226748	81,234909	81,926024	23,113359	23,682898
298,000000	63,325000	97,426742	109,416729	122,017784	122,266437	97,824149	91,073770	85,590898	82,332542	81,299464	81,852135	23,117586	23,690405
299,000000	63,325000	97,773684	109,411187	122,032906	122,288841	97,829339	91,054596	85,605979	82,320030	81,290285	81,829320	23,121452	23,725064
300,000000	63,325000	97,637649	109,435747	122,051403	122,307589	97,820243	91,027915	85,276615	82,196532	81,163763	81,748780	23,114371	23,723379
301,000000	63,325000	97,068460	109,466054	122,061571	122,322216	97,808771	90,992566	85,415128	82,231753	81,245050	81,988116	23,134717	23,758217
302,000000	63,325000	96,246305	109,454664	122,071420	122,338064	97,784609	90,957906	85,560813	82,250023	81,359323	82,133144	23,120841	23,775726
303,000000	63,325000	96,706624	109,438713	122,091525	122,352095	97,780613	90,936871	85,635553	82,343642	81,392826	82,088679	23,120976	23,717517
304,000000	63,325000	97,285441	109,439763	122,099502	122,357853	97,761637	90,915149	85,533448	82,353702	81,502369	82,165695	23,125053	23,765180
305,000000	63,325000	97,486033	109,472289	122,115477	122,377739	97,760119	90,904648	85,620172	82,305920	81,345793	81,988610	23,122742	23,807575
306,000000	63,325000	97,094823	109,462745	122,127628	122,402534	97,758266	90,890543	85,575227	82,184998	80,990820	81,845882	23,117537	23,739646
307,000000	63,325000	97,125520	109,461329	122,132525	122,406850	97,748388	90,875915	85,518195	82,131801	80,168816	81,681839	23,116685	23,726415
308,000000	63,325000	97,031001	109,458763	122,142944	122,419673	97,749403	90,859698	85,606635	82,216709	80,415406	81,610812	23,116218	23,719643
309,000000	63,325000	97,109888	109,437086	122,145021	122,420818	97,750424	90,849000	85,598970	82,238193	80,744068	81,622980	23,119761	23,679281
310,000000	63,325000	96,857090	109,411242	122,153774	122,429568	97,750377	90,844220	85,480644	82,184048	80,857889	81,587047	23,128253	23,706256
311,000000	63,325000	96,414879	109,386088	122,150544	122,451762	97,740497	90,830819	85,432014	82,062283	80,881709	81,534749	23,124911	23,705135
312,000000	63,325000	96,394321	109,387517	122,154402	122,462039	97,741034	90,818109	85,352463	82,056099	80,824855	81,414554	23,132751	23,684686
313,000000	63,325000	96,906196	109,393172	122,152737	122,463937	97,731678	90,810658	85,552164	82,303683	80,974856	81,594026	23,111605	23,587442
314,000000	63,325000	96,756024	109,372627	122,151998	122,464193	97,718085	90,788359	85,509042	82,285035	81,084483	81,741507	23,100993	23,593963
315,000000	63,325000	96,295519	109,399743	122,163997	122,484212	97,721139	90,783567	85,317439	82,240207	81,048178	81,733083	23,124364	23,647691
316,000000	63,325000	96,384037	109,389653	122,158526	122,487185	97,710898	90,773043	85,275113	82,044152	81,008681	81,587318	23,114359	23,695780
317,000000	63,325000	96,425907	109,377761	122,162711	122,495637	97,707744	90,762651	85,637800	82,540769	81,199150	81,764194	23,125444	23,697490
318,000000	63,325000	96,209966	109,379795	122,158530	122,496497	97,693211	90,756457	85,569779	82,618633	81,421413	81,954792	23,125285	23,693510
319,000000	63,325000	96,529184	109,399312	122,163764	122,504200	97,693645	90,750478	85,540438	82,516480	81,574526	82,023269	23,120053	23,621638
320,000000	63,325000	96,047343	109,410582	122,167479	122,499022	97,687770	90,738195	85,439514	82,336507	81,429201	81,859828	23,109868	23,585974
321,000000	63,325000	96,159483	109,390764	122,170410	122,515401	97,696276	90,746897	85,315505	82,178266	81,154539	81,640546	23,120279	23,591597
322,000000	63,325000	96,926332	109,347545	122,173136	122,512989	97,697771	90,745824	85,031562	82,003706	80,928408	81,436224	23,098024	23,626080
323,000000	63,325000	97,041629	109,353188	122,175514	122,516939	97,701137	90,744121	85,225406	82,087221	80,942243	81,428319	23,111092	23,663286
324,000000	63,325000	96,211597	109,391318	122,174920	122,524594	97,701954	90,745144	85,307872	82,008137	81,022775	81,608988	23,132445	23,680028
325,000000	63,325000	96,382212	109,378674	122,180990	122,535283	97,700189	90,739131	85,280150	81,989338	80,974148	81,637864	23,134791	23,683823
326,000000	63,325000	95,876281	109,341370	122,179584	122,534359	97,706826	90,731279	85,540770	82,347602	81,073388	81,786922	23,141837	23,772625
327,000000	63,325000	95,657414	109,302516	122,181641	122,533750	97,702730	90,717452	85,675976	82,556122	81,244805	81,973448	23,151556	23,762080
328,000000	63,325000	96,270558	109,279659	122,177645	122,538615	97,692854	90,710361	85,524601	82,483734	81,301542	82,021193	23,158572	23,712200
329,000000	63,325000	96,460450	109,276594	122,165729	122,539030	97,687154	90,700197	85,229674	82,141660	81,179915	81,871640	23,146124	23,686889
330,000000	63,325000	96,827312	109,272915	122,163588	122,548798	97,681402	90,693679	84,982088	82,010160	81,012470	81,772388	23,143051	23,591568
331,000000	63,325000	96,952327	109,277805	122,162013	122,547062	97,680633	90,684293	85,154701	82,046215	81,072254	81,887998	23,120375	23,573234
332,000000	63,325000	96,647559	109,312915	122,162825	122,552431	97,688539	90,685099	85,222661	81,891324	81,148820	81,974131	23,121363	23,597879
333,000000	63,325000	96,853199	109,336716	122,159822	122,549206	97,678660	90,682786	85,369444	82,109780	81,129118	81,884882	23,129904	23,648370
334,000000	63,325000	96,807102	109,345123	122,151200	122,542675	97,666550	90,660982	85,378109	82,170064	81,183808	81,928733	23,141422	23,651392
335,000000	63,325000	96,918503	109,373253	122,163235	122,556725	97,668074	90,659861	85,371471	82,162299	81,223167	81,963871	23,131860	23,565176
336,000000	63,325000	96,542305	109,343601	122,165328	122,549799	97,659718	90,653215	85,479141	82,268345	81,227521	81,837127	23,127139	23,569480
337,000000	63,325000	97,001524	109,330143	122,159379	122,550400	97,653646	90,650342	85,373354	82,358024	81,212175	81,759764	23,117261	23,634672
338,000000	63,325000	97,383204	109,335400	122,163770	122,546797	97,656769	90,649791	85,257523	82,317894	81,390649	81,839334	23,121193	23,614677
339,000000	63,325000	97,591434	109,351427	122,168135	122,553182	97,661464	90,648200	85,275807	82,205039	81,394279	81,871953	23,129789	23,673324
340,000000	63,325000	96,747358	109,380664	122,166667	122,552998	97,659341	90,653408	85,388687	82,314222	81,396243	82,011315	23,140832	23,665899
341,000000	63,325000	96,556313	109,397432	122,164939	122,556727	97,654150	90,656254	85,461065	82,355087	81,372701	81,982226	23,158635	23,668932
342,000000	63,325000	96,339124	109,394408	122,174507	122,559743	97,656415	90,662406	85,488298	82,161788	81,221799	81,762743	23,129450	23,633320
343,000000	63,325000	95,852930	109,345168	122,173631	122,561563	97,659404	90,660255	85,336720	82,143664	81,187381	81,630055	23,114434	23,599784
344,000000	63,325000	96,058061	109,311878	122,176454	122,564384	97,662899	90,667250	85,286392	82,041970	81,155271	81,616645	23,113501	23,591630
345,000000	63,325000	96,612863	109,273983	122,179738	122,560734	97,657977	90,681874	85,019685	81,925303	80,982910	81,496433	23,100363	23,594136
346,000000	63,325000	96,077314	109,252481	122,175816	122,565127	97,657806	90,670619	85,013354	81,984685	81,023388	81,478706	23,078945	23,522785
347,000000	63,325000	96,034814	109,267315	122,169891	122,568287	97,656889	90,675413	85,227440	81,879684	80,905420	81,334005	23,085360	23,486381
348,000000	63,325000	96,162118	109,264893	122,164241	122,571338	97,657957	90,667865	85,061332	81,702662	80,718530	81,292287	23,077749	23,475068
349,000000	63,325000	95,771609	109,244946	122,163364	122,574409	97,652249	90,655750	84,947844	81,653394	80,594655	81,296863	23,077041	23,420186
350,000000	63,325000	96,254963	109,221291	122,161757	122,569882	97,637454	90,642144	84,827287	81,447880	80,506100	81,223029	23,065718	23,419579
351,000000	63,325000	96,893738	109,210013	122,151296	122,568157	97,634030	90,624937	84,809160	81,644986	80,429736	81,147791	23,076076	23,451644
352,000000	63,325000	96,991595	109,222498	122,155310	122,575217	97,622634	90,599005	84,999620	81,702820	80,626634	81,245082	23,081638	23,480751
353,000000	63,325000	96,531262	109,253849	122,145411	122,575338	97,597236	90,569449	85,035875	81,696647	80,581565	81,200537	23,070413	23,499161
354,000000	63,325000	96,145522	109,277078	122,140028	122,567776	97,592517	90,546223	85,190323	82,078514	80,828678	81,416112	23,069492	23,495450
355,000000	63,325000	95,832658	109,280853	122,138712	122,558277	97,565260	90,516138	85,441696	82,389466	81,285903	81,853157	23,094141	23,646463
356,000000	63,325000	95,427378	109,260903	122,141162	122,558190	97,542342	90,498928	85,200976	82,091177	81,183370	81,727590	23,121094	23,663989
357,000000	63,325000	95,775684	109,233685	122,147887	122,568698	97,549022	90,497691	84,829999	81,721667	80,876801	81,320603	23,121687	23,626941
358,000000	63,325000	95,967864	109,237643	122,142938	122,557654	97,540687	90,491588	84,824926	81,631229	80,590435	81,036946	23,119771	23,606836
359,000000	63,325000	95,771654	109,239404	122,134720	122,554640	97,536291	90,478235	84,677500	81,532771	80,440567	80,912576	23,105238	23,562505
360,000000	63,325000	95,908974	109,240240	122,139005	122,563063	97,537439	90,476938	84,400479	81,355880	80,402537	80,943107	23,110938	23,494161
361,000000	63,325000	95,381689	109,223120	122,122173	122,546787	97,527370	90,450036	84,442626	81,243032	80,200490	80,801197	23,073196	23,336050
362,000000	63,325000	95,975642	109,223272	122,121588	122,547485	97,523063	90,435732	84,624662	81,298064	80,177849	80,895283	23,042025	23,287993
363,000000	63,325000	95,898314	109,219388	122,115635	122,549432	97,500956	90,408573	84,693250	81,294492	80,259585	80,913629	23,024587	23,247808
364,000000	63,325000	95,602031	109,222920	122,119375	122,535517	97,477309	90,375703	84,616399	81,268802	80,261829	80,851615	23,017298	23,193284
365,000000	63,325000	95,597115	109,206574	122,114142	122,536931	97,448048	90,351044	84,390139	81,188328	80,241258	80,785609	23,004698	23,212170
366,000000	63,325000	95,720782	109,195697	122,112031	122,533538	97,432226	90,328478	84,694605	81,196173	80,176144	80,937107	23,027685	23,372933
367,000000	63,325000	96,097401	109,215122	122,105618	122,528958	97,427303	90,304153	84,927528	81,360241	80,345401	81,099055	23,045095	23,427111
368,000000	63,325000	95,780375	109,264623	122,100901	122,528063	97,423874	90,282021	84,842259	81,383722	80,320174	80,950007	23,033282	23,358831
369,000000	63,325000	96,014037	109,317363	122,105286	122,522142	97,421492	90,267815	84,719107	81,337641	80,268864	80,837476	23,019347	23,341810
370,000000	63,325000	96,555613	109,399412	122,112633	122,511255	97,416819	90,261427	84,671417	81,431708	80,265535	80,935083	23,018952	23,424387
371,000000	63,325000	96,190671	109,565262	122,128199	122,515161	97,418975	90,248535	84,747121	81,506224	80,274230	81,111802	23,030984	23,363190
372,000000	63,325000	95,161447	109,712585	122,147177	122,505467	97,420374	90,236037	84,680708	81,448738	80,404780	81,206837	23,014309	23,373024
373,000000	63,325000	95,073807	109,841655	122,173856	122,503631	97,412201	90,229026	84,630444	81,405206	80,409880	81,229834	23,027740	23,451137
374,000000	63,325000	95,720308	109,949661	122,218914	122,505404	97,414709	90,229178	84,532670	81,313765	80,438580	81,155074	23,053287	23,486446
375,000000	63,325000	96,387811	110,033409	122,257080	122,513929	97,420162	90,223610	84,346608	81,090454	80,359175	80,999957	23,064018	23,479201
376,000000	63,325000	96,402762	110,128132	122,299679	122,504486	97,428155	90,221049	84,259128	81,038646	80,184099	80,888747	23,035680	23,225007
377,000000	63,325000	96,419130	110,209341	122,336885	122,504257	97,427117	90,211403	84,293661	81,090555	80,072260	80,768033	23,007508	23,125047
378,000000	63,325000	96,820049	110,281429	122,381498	122,512367	97,428673	90,213631	84,680954	81,495393	80,308406	81,009464	23,012344	23,180603
379,000000	63,325000	96,693136	110,344742	122,412520	122,516647	97,420519	90,189275	84,743569	81,651423	80,643114	81,320549	23,011163	23,263343
380,000000	63,325000	95,361880	110,389228	122,449088	122,517777	97,418859	90,185418	84,877710	81,636550	80,759752	81,388873	23,009144	23,381092
381,000000	63,325000	95,753761	110,308290	122,482490	122,531213	97,400714	90,180923	84,815409	81,581763	80,828011	81,426091	23,032929	23,420345
382,000000	63,325000	95,888229	110,251801	122,510176	122,535981	97,393133	90,174691	84,795748	81,755208	80,892802	81,464161	23,043282	23,413524
383,000000	63,325000	96,095303	110,260771	122,523389	122,546883	97,382422	90,176327	84,863202	81,698455	80,810613	81,374220	23,046301	23,371957
384,000000	63,325000	95,516534	110,295332	122,545375	122,558085	97,381356	90,184276	84,920275	81,599188	80,707776	81,324974	23,036705	23,355409
385,000000	63,325000	95,309216	110,310797	122,551441	122,563958	97,373756	90,187625	84,829279	81,683644	80,668032	81,390751	23,021083	23,320602
386,000000	63,325000	96,170526	110,356896	122,570922	122,575512	97,371256	90,194569	84,822780	81,635107	80,596074	81,330416	23,020939	23,411537
387,000000	63,325000	96,418396	110,431212	122,597087	122,581811	97,374266	90,204881	84,748769	81,743921	80,663894	81,332821	23,017561	23,346373
388,000000	63,325000	96,229299	110,537071	122,618828	122,597551	97,387048	90,209829	84,681210	81,663381	80,713523	81,297035	23,008723	23,426974
389,000000	63,325000	96,675653	110,633117	122,633502	122,604684	97,386223	90,209651	84,671775	81,659734	80,696950	81,313815	22,986581	23,406648
390,000000	63,325000	97,061342	110,738872	122,675202	122,616766	97,392072	90,220055	84,797253	81,785924	80,815737	81,494412	22,974571	23,320201
391,000000	63,325000	96,953163	110,870138	122,701624	122,621882	97,393686	90,221013	84,955996	82,004870	81,124342	81,750096	22,999124	23,348369
392,000000	63,325000	97,211336	110,980921	122,743141	122,635068	97,400449	90,231052	85,153214	82,034607	81,208145	81,894779	22,995794	23,304431
393,000000	63,325000	97,019468	111,088037	122,782721	122,647282	97,405002	90,230171	85,043238	82,080531	81,189167	81,924443	22,992538	23,270390
394,000000	63,325000	96,751589	111,145738	122,817155	122,655762	97,413010	90,234086	85,059703	82,140256	81,230973	81,983904	23,001063	23,211252
395,000000	63,325000	95,931887	111,128890	122,864907	122,687449	97,424159	90,256196	85,206424	82,184393	81,446596	82,160843	23,009179	23,255928
396,000000	63,325000	95,224150	111,088072	122,904861	122,698951	97,427540	90,277075	85,221907	82,277870	81,501980	82,207922	22,973756	23,153547
397,000000	63,325000	95,343890	111,026193	122,937047	122,709777	97,434586	90,309309	85,319717	82,359476	81,478385	82,187258	22,959974	23,179896
398,000000	63,325000	96,190261	111,009456	122,957838	122,721078	97,455556	90,341176	85,230660	82,239610	81,448691	82,119458	22,965771	23,248688
399,000000	63,325000	96,784821	111,045670	122,982386	122,740243	97,472297	90,369615	84,784530	81,922034	81,265559	81,857882	22,941778	23,214726
400,000000	63,325000	97,258291	111,080908	123,007112	122,759940	97,496856	90,393540	84,878546	81,767351	81,005643	81,544459	22,935808	23,278560
401,000000	63,325000	97,133696	111,131585	123,020012	122,772075	97,508061	90,410929	84,587529	81,399153	80,723482	81,229014	22,936709	23,425755
402,000000	63,325000	97,231971	111,188448	123,036682	122,792184	97,521383	90,416172	84,356400	81,282784	80,470335	81,036020	22,968074	23,567142
403,000000	63,325000	96,897155	111,197623	123,055583	122,799509	97,539922	90,421571	84,371727	81,275368	80,371050	81,105702	22,970690	23,497472
404,000000	63,325000	96,303849	111,213481	123,074853	122,812594	97,558979	90,424437	84,394302	81,236855	80,473570	81,233295	22,966061	23,495182
405,000000	63,325000	96,709997	111,197966	123,092850	122,826620	97,550921	90,408172	84,270405	81,128888	80,477417	81,328933	22,972840	23,433524
406,000000	63,325000	96,093288	111,175114	123,110486	122,839610	97,551551	90,401353	84,447815	81,353700	80,534917	81,497598	22,968891	23,410808
407,000000	63,325000	95,754571	111,148050	123,125003	122,859747	97,547908	90,392642	84,763023	81,590751	80,814694	81,685021	22,983695	23,404072
408,000000	63,325000	96,202002	111,132711	123,136030	122,875559	97,540940	90,382831	84,838759	81,701156	81,047174	81,787248	23,004032	23,428712
409,000000	63,325000	96,632808	111,140855	123,149712	122,889919	97,529264	90,374490	84,591040	81,587806	80,993843	81,663418	22,987894	23,502692
410,000000	63,325000	97,125593	111,135644	123,149267	122,894158	97,517505	90,357914	84,503541	81,381132	80,734731	81,417470	22,969687	23,377224
411,000000	63,325000	96,908050	111,150977	123,173712	122,901995	97,514382	90,360808	84,473778	81,287094	80,634906	81,353766	22,991989	23,480904
412,000000	63,325000	96,452307	111,123866	123,180817	122,923153	97,527066	90,352759	84,362284	81,266097	80,570024	81,401765	22,969838	23,310914
413,000000	63,325000	96,805420	111,123102	123,185519	122,930166	97,534185	90,350250	84,522147	81,375332	80,677811	81,419991	22,923393	23,122901
414,000000	63,325000	96,547323	111,138231	123,189356	122,947733	97,543604	90,351349	84,372696	81,225977	80,619786	81,206867	22,898484	23,051558
415,000000	63,325000	95,672493	111,139421	123,201364	122,955768	97,542320	90,353826	84,194489	81,081364	80,387534	80,902122	22,891675	23,083664
416,000000	63,325000	96,306034	111,145192	123,203167	122,964051	97,544928	90,343066	84,350823	81,107999	80,223769	80,785332	22,915369	23,189709
417,000000	63,325000	96,380066	111,128568	123,209870	122,967933	97,539330	90,336040	84,673268	81,371925	80,344143	80,884122	22,919805	23,238818
418,000000	63,325000	96,613221	111,129671	123,216640	122,974577	97,527638	90,324975	84,753201	81,386372	80,421968	80,867170	22,896014	23,192285
419,000000	63,325000	96,766593	111,132370	123,218786	122,976596	97,532334	90,314075	84,524292	81,224329	80,280652	80,767865	22,890925	23,141333
420,000000	63,325000	97,100725	111,120179	123,222386	122,983789	97,542441	90,310043	84,354625	81,293045	80,288208	80,836454	22,899156	23,061413
421,000000	63,325000	96,745331	111,118828	123,227550	122,993831	97,542643	90,302241	84,442728	81,296610	80,273331	80,786718	22,902555	23,038487
422,000000	63,325000	96,881346	111,127060	123,238174	123,003112	97,556618	90,304273	84,372499	81,267421	80,306393	80,735412	22,907113	22,988552
423,000000	63,325000	96,794044	111,122217	123,233402	123,007029	97,554857	90,293100	84,384470	81,332289	80,306295	80,739151	22,902213	22,995094
424,000000	63,325000	96,770041	111,100368	123,233554	123,002916	97,547417	90,281619	84,551225	81,277281	80,265110	80,749112	22,889001	23,092505
425,000000	63,325000	96,419412	111,087198	123,231548	123,010564	97,548865	90,268485	84,574735	81,417440	80,431184	80,901282	22,856401	23,072049
426,000000	63,325000	95,560038	111,086984	123,236363	123,024232	97,558067	90,260509	84,604692	81,501416	80,569210	81,110551	22,874745	23,256057
427,000000	63,325000	95,626436	111,068901	123,242300	123,026804	97,559106	90,264417	84,406403	81,418378	80,638400	81,200971	22,877796	23,208536
428,000000	63,325000	96,119119	111,060684	123,238344	123,029870	97,557494	90,260986	84,436304	81,363743	80,517457	81,046208	22,876380	23,127905
429,000000	63,325000	95,875055	111,066217	123,237932	123,029811	97,555433	90,256519	84,490756	81,435402	80,455665	80,992044	22,894314	23,210130
430,000000	63,325000	95,772036	111,055091	123,244606	123,036198	97,559170	90,262018	84,482527	81,349551	80,385229	80,978796	22,905621	23,302281
431,000000	63,325000	96,277309	111,047950	123,244694	123,031507	97,561627	90,257069	84,221470	81,197674	80,313021	80,955463	22,886291	23,286142
432,000000	63,325000	96,105313	111,054967	123,233576	123,036422	97,557970	90,252922	84,176103	81,039029	80,215759	80,811826	22,863005	23,232700
433,000000	63,325000	95,981457	111,078588	123,242495	123,047493	97,555410	90,250957	84,336182	81,065226	80,212541	80,796759	22,871698	23,236605
434,000000	63,325000	95,766991	111,085215	123,239878	123,046254	97,556722	90,252746	84,465983	81,181134	80,236076	80,881444	22,891200	23,241214
435,000000	63,325000	96,355089	111,074279	123,245157	123,050668	97,567040	90,248799	84,303360	81,156234	80,232978	80,836015	22,902416	23,139733
436,000000	63,325000	96,295123	111,067062	123,236417	123,046064	97,549826	90,235980	84,563093	81,334825	80,278901	80,862435	22,864806	23,107499
437,000000	63,325000	96,637503	111,064580	123,245780	123,049143	97,555991	90,235204	84,704160	81,559257	80,527167	81,116557	22,850097	22,985580
438,000000	63,325000	96,244429	111,044023	123,243329	123,051310	97,553177	90,234062	84,853985	81,919620	80,818918	81,334980	22,863179	22,940223
439,000000	63,325000	95,748777	111,011531	123,234709	123,055516	97,550350	90,229492	84,998402	81,984826	80,916546	81,380025	22,869232	22,995454
440,000000	63,325000	95,318339	110,990566	123,237264	123,051079	97,549973	90,239025	84,901889	81,991652	80,953180	81,459676	22,875389	23,070827
441,000000	63,325000	95,226535	110,946293	123,239471	123,062556	97,557099	90,255300	84,691370	81,656115	80,797570	81,363342	22,882626	22,877954
442,000000	63,325000	95,143116	110,832299	123,233037	123,067506	97,564275	90,274594	84,639779	81,600297	80,755617	81,424776	22,873242	23,050578
443,000000	63,325000	94,899594	110,699160	123,216243	123,067706	97,569414	90,293926	84,563418	81,575024	80,723796	81,461705	22,867219	23,176475
444,000000	63,325000	95,637768	110,637635	123,209214	123,074594	97,582702	90,306298	84,492950	81,579465	80,687885	81,439802	22,871970	23,198971
445,000000	63,325000	95,770253	110,633890	123,191182	123,076186	97,594486	90,320436	84,197940	81,307032	80,538363	81,278149	22,871050	23,171429
446,000000	63,325000	95,322296	110,656065	123,165619	123,070054	97,592914	90,328831	84,409385	81,231631	80,333589	80,975218	22,848990	23,175319
447,000000	63,325000	95,835622	110,646882	123,148592	123,072011	97,605210	90,338568	84,324528	81,259768	80,311202	80,857436	22,844145	23,129775
448,000000	63,325000	95,871084	110,657452	123,144638	123,071521	97,610265	90,344220	84,467336	81,354493	80,402175	81,016406	22,851192	23,085514
449,000000	63,325000	95,893796	110,675521	123,143911	123,074386	97,622938	90,348040	84,853259	81,709741	80,719835	81,341267	22,870624	23,083014
450,000000	63,325000	95,711829	110,680693	123,137407	123,073621	97,620478	90,349267	85,027467	81,769735	81,068637	81,652758	22,875570	23,150890
451,000000	63,325000	95,710075	110,696776	123,131384	123,078309	97,628114	90,355083	85,274730	82,019173	81,134352	81,743340	22,889142	23,121839
452,000000	63,325000	96,373258	110,692224	123,131899	123,071929	97,634847	90,363598	85,096814	82,102405	81,213607	81,743479	22,851033	23,138954
453,000000	63,325000	96,720694	110,705482	123,126630	123,069290	97,636436	90,370544	84,966075	82,065741	81,203121	81,681903	22,836482	23,183053
454,000000	63,325000	96,739373	110,725878	123,125700	123,076377	97,643732	90,382970	84,973239	82,049992	81,119073	81,552012	22,828418	23,258725
455,000000	63,325000	96,945558	110,735920	123,133693	123,070388	97,656335	90,400888	84,927914	81,952265	81,087105	81,385762	22,814603	23,252036
456,000000	63,325000	96,837907	110,786036	123,134630	123,072608	97,662673	90,408738	85,007198	82,067823	81,092865	81,429506	22,823824	23,301710
457,000000	63,325000	96,079464	110,837671	123,139697	123,074340	97,662673	90,425577	85,198093	82,153922	81,157847	81,480046	22,828437	23,294004
458,000000	63,325000	95,688831	110,858340	123,151316	123,083106	97,675078	90,450389	85,262903	82,137698	81,166314	81,462640	22,839125	23,300667
459,000000	63,325000	95,864475	110,847852	123,154896	123,076776	97,686594	90,466897	85,186195	82,137652	81,049649	81,376975	22,850321	23,311201
460,000000	63,325000	96,423200	110,849426	123,153416	123,090562	97,700682	90,484431	85,239618	82,209143	81,122473	81,465461	22,850798	23,348656
461,000000	63,325000	96,786084	110,868613	123,175705	123,090179	97,710313	90,504914	85,380485	82,353034	81,397507	81,739309	22,843838	23,269082
462,000000	63,325000	96,312281	110,896221	123,166942	123,086386	97,712502	90,505443	85,161261	82,281437	81,377444	81,723258	22,819351	23,229164
463,000000	63,325000	96,631152	110,940111	123,173312	123,093175	97,723519	90,524300	84,864888	82,098080	81,272556	81,620662	22,790084	23,107764
464,000000	63,325000	96,377403	110,968575	123,183816	123,104225	97,735231	90,541926	84,842060	81,937533	81,022385	81,475796	22,784263	23,070387
465,000000	63,325000	96,409473	110,938438	123,190684	123,107309	97,745198	90,551355	85,133266	81,985987	80,952883	81,462494	22,773189	23,098079
466,000000	63,325000	95,663269	110,870301	123,201354	123,110668	97,755583	90,570759	85,139937	81,931173	81,014789	81,553564	22,768589	23,053461
467,000000	63,325000	95,380883	110,808344	123,209719	123,121087	97,772003	90,585597	85,166946	82,071880	81,033824	81,542578	22,771407	22,971746
468,000000	63,325000	96,239322	110,726435	123,198622	123,123682	97,782193	90,597440	85,146149	82,176940	81,071483	81,538778	22,762062	22,866685
469,000000	63,325000	96,830396	110,717481	123,189864	123,127975	97,788152	90,614483	85,176574	82,258100	81,184496	81,558411	22,760229	22,843072
470,000000	63,325000	96,821621	110,758175	123,177847	123,122499	97,795388	90,610921	85,039327	82,050270	81,131234	81,584214	22,709476	22,793171
471,000000	63,325000	97,170326	110,839994	123,185927	123,126828	97,809245	90,618636	84,656889	81,855163	80,991190	81,458166	22,693120	22,867007
472,000000	63,325000	97,315645	110,900832	123,184297	123,131643	97,812348	90,622429	84,690599	81,785536	80,803355	81,256530	22,673957	22,769066
473,000000	63,325000	96,924813	110,950163	123,187400	123,131219	97,818903	90,620211	84,969612	81,849994	80,685884	81,210074	22,651149	22,606561
474,000000	63,325000	95,880508	110,997817	123,198847	123,143244	97,834125	90,624218	85,187418	82,147377	80,857273	81,334900	22,651514	22,560515
475,000000	63,325000	95,812685	111,023552	123,221202	123,158546	97,844656	90,632995	85,196308	82,081009	80,926641	81,426556	22,704125	22,711359
476,000000	63,325000	96,700670	111,015732	123,233363	123,146626	97,837438	90,624315	85,186971	82,145651	81,075502	81,548123	22,707537	22,769983
477,000000	63,325000	96,873280	111,017960	123,236974	123,160339	97,844087	90,627491	85,164264	82,212349	81,271486	81,847330	22,699548	22,703913
478,000000	63,325000	96,391055	111,013208	123,247641	123,161355	97,846508	90,631212	85,030457	82,020106	81,185446	81,846667	22,686299	22,738679
479,000000	63,325000	96,518797	111,019477	123,250459	123,160292	97,848369	90,625418	84,842511	81,689469	80,994597	81,656646	22,686653	22,862221
480,000000	63,325000	97,033267	111,042104	123,261215	123,171692	97,856745	90,632133	84,713160	81,625676	80,900917	81,573850	22,703551	22,990681
481,000000	63,325000	97,351517	111,078830	123,263959	123,169498	97,861828	90,634939	84,612705	81,505273	80,692490	81,258877	22,723347	23,095714
482,000000	63,325000	96,790917	111,109085	123,281591	123,173023	97,869253	90,639422	84,560663	81,409052	80,611247	81,255520	22,749062	23,139427
483,000000	63,325000	96,337186	111,142993	123,291286	123,182111	97,863871	90,632584	84,425620	81,257398	80,481295	81,119681	22,738790	23,096567
484,000000	63,325000	96,902099	111,172770	123,297068	123,187413	97,867213	90,624176	84,448223	81,140182	80,252247	80,916508	22,707417	23,020527
485,000000	63,325000	96,697625	111,174431	123,312606	123,201895	97,872697	90,613119	84,512344	81,295132	80,350120	80,930026	22,704153	23,092564
486,000000	63,325000	96,408130	111,180955	123,321941	123,199752	97,862410	90,600312	84,346978	81,127097	80,196457	80,852557	22,730003	23,147124
487,000000	63,325000	96,114506	111,174112	123,332417	123,205195	97,860504	90,584718	84,462376	81,165262	80,185475	80,908515	22,753854	23,094405
488,000000	63,325000	95,569556	111,159516	123,337147	123,210087	97,860656	90,566341	84,480577	81,283881	80,261608	80,967235	22,735369	23,079147
489,000000	63,325000	95,953771	111,129427	123,345240	123,213468	97,851378	90,542615	84,569901	81,408276	80,540412	81,135673	22,710941	23,066062
490,000000	63,325000	96,700688	111,122649	123,340415	123,216401	97,828278	90,522133	84,744937	81,544950	80,741780	81,411263	22,697997	23,026535
491,000000	63,325000	97,073498	111,163233	123,344225	123,215947	97,827240	90,509752	84,880175	81,814032	80,911642	81,593424	22,706347	23,000747
