Iteração	Potencia	Cond 1	Cond 2	Cond 3	Cond 4	Cond 5	Cond 6	Cond 7	Cond 8	Cond 9	Cond 10	Liquido 1	Liquido 2	Liquido 3	Evap 1	Evap 2	Evap 3	Evap 4	Vapor 1	Vapor 2	Vapor 3	Tamb	Evap 3I	Evap 2I	
1,000000	21,758000	29,245797	29,092735	28,864332	28,397863	27,284486	26,595652	25,296106	25,110228	24,231254	23,968821	22,689159	22,694099
2,000000	21,758000	29,237786	29,080641	28,852902	28,395541	27,273398	26,592192	25,299491	25,106595	24,225972	23,970105	22,711490	22,680857
3,000000	21,758000	29,223115	29,071822	28,839643	28,382307	27,267263	26,585834	25,289307	25,105460	24,221401	23,978133	22,716317	22,661177
4,000000	21,758000	29,224248	29,075335	28,847483	28,384290	27,263182	26,586099	25,298104	25,118885	24,240118	23,979981	22,689301	22,658054
5,000000	21,758000	29,216857	29,051544	28,845514	28,371081	27,259614	26,577870	25,295641	25,120482	24,243091	23,993496	22,647835	22,629721
6,000000	21,758000	29,209006	29,045164	28,826670	28,350515	27,252502	26,576318	25,292600	25,122824	24,241163	23,990077	22,562981	22,613193
7,000000	21,758000	29,204379	29,044957	28,819901	28,357740	27,246735	26,580250	25,301683	25,129564	24,241657	23,986943	22,536636	22,629783
8,000000	21,758000	29,200055	29,040593	28,823683	28,356115	27,251022	26,578142	25,303301	25,130405	24,248567	23,997752	22,503114	22,604923
9,000000	21,758000	29,213960	29,048420	28,864629	28,360060	27,253459	26,579173	25,307915	25,138223	24,256210	24,001504	22,485295	22,596682
10,000000	21,758000	29,255894	29,078732	28,942791	28,388628	27,242803	26,578462	25,292845	25,132663	24,255944	24,006126	22,562698	22,621144
11,000000	21,758000	29,338393	29,138596	29,062933	28,424436	27,238422	26,563445	25,301970	25,125252	24,256229	24,011719	22,611944	22,632319
12,000000	21,758000	29,449063	29,230503	29,206868	28,493820	27,236832	26,573857	25,311419	25,146131	24,275200	24,019893	22,677935	22,676633
13,000000	21,758000	29,566161	29,321976	29,332362	28,572076	27,230193	26,565279	25,311995	25,144796	24,273176	24,016990	22,707533	22,707877
14,000000	21,758000	29,709417	29,444164	29,483550	28,679415	27,233317	26,569385	25,319958	25,160429	24,285708	24,038272	22,698987	22,731610
15,000000	21,758000	29,865996	29,598450	29,656849	28,782806	27,242327	26,567995	25,329760	25,165631	24,295384	24,038714	22,714899	22,742314
16,000000	21,758000	30,059231	29,787152	29,868123	28,918049	27,245397	26,570538	25,336918	25,171570	24,295381	24,048829	22,703655	22,698524
17,000000	21,758000	30,237765	29,984567	30,074513	29,062249	27,251389	26,584590	25,343657	25,177665	24,307021	24,048219	22,696660	22,700871
18,000000	21,758000	30,418958	30,175882	30,299863	29,199467	27,263080	26,585702	25,343782	25,178513	24,300429	24,048152	22,694684	22,736956
19,000000	21,758000	30,606232	30,375081	30,510914	29,346733	27,270948	26,573112	25,342354	25,166836	24,295333	24,054012	22,699425	22,745449
20,000000	21,758000	30,798323	30,590503	30,732311	29,518463	27,280112	26,588052	25,341226	25,174251	24,315698	24,060146	22,711642	22,781248
21,000000	21,758000	31,021042	30,839406	30,981138	29,713360	27,301928	26,587495	25,346112	25,169234	24,307160	24,065502	22,715590	22,782554
22,000000	21,758000	31,221110	31,059491	31,208702	29,890528	27,325303	26,589542	25,346870	25,182048	24,314464	24,067426	22,721036	22,802355
23,000000	21,758000	31,406079	31,274195	31,419777	30,068738	27,342961	26,586179	25,344260	25,181731	24,327007	24,066040	22,727879	22,803110
24,000000	21,758000	31,593224	31,494362	31,636114	30,247425	27,374663	26,598910	25,361898	25,201922	24,338877	24,074977	22,742348	22,785917
25,000000	21,758000	31,796040	31,718790	31,856415	30,429516	27,426610	26,617717	25,379993	25,219029	24,354756	24,093842	22,678918	22,819202
26,000000	21,758000	32,022134	31,968844	32,097804	30,629439	27,480914	26,642833	25,380844	25,230206	24,350080	24,099319	22,662376	22,899012
27,000000	21,758000	32,193057	32,166927	32,299935	30,783281	27,526504	26,638978	25,371077	25,220560	24,344729	24,090834	22,664516	22,906318
28,000000	21,758000	32,375934	32,374582	32,503931	30,979255	27,588190	26,654721	25,389452	25,230788	24,349366	24,100666	22,708387	22,911550
29,000000	21,758000	32,547201	32,575407	32,700745	31,199786	27,678015	26,661361	25,394891	25,235029	24,360980	24,109232	22,729923	22,893692
30,000000	21,758000	32,734555	32,791697	32,908891	31,423916	27,798333	26,693845	25,406713	25,232732	24,374246	24,119069	22,749785	22,906850
31,000000	21,758000	32,930645	33,012985	33,124161	31,659462	27,946173	26,702178	25,392529	25,231943	24,367999	24,115453	22,752034	22,876717
32,000000	21,758000	33,099767	33,216805	33,334514	31,872854	28,150197	26,750545	25,402919	25,252303	24,374546	24,132425	22,769813	22,877611
33,000000	21,758000	33,268959	33,408723	33,528110	32,068607	28,358285	26,790151	25,405215	25,256009	24,372574	24,125604	22,766781	22,919630
34,000000	21,758000	33,434880	33,610231	33,715207	32,266101	28,594892	26,848211	25,415208	25,252113	24,382215	24,132387	22,748197	22,926657
35,000000	21,758000	33,604010	33,810694	33,926743	32,439774	28,834836	26,912533	25,412798	25,259879	24,386905	24,134751	22,714709	22,894521
36,000000	21,758000	33,806250	34,072047	34,190816	32,657177	29,106836	27,033860	25,415472	25,260361	24,398033	24,137449	22,762801	22,887559
37,000000	21,758000	33,993666	34,309968	34,434511	32,834987	29,322057	27,149727	25,435386	25,272436	24,404407	24,156729	22,787273	22,891241
38,000000	21,758000	34,167526	34,554214	34,670951	33,012433	29,502268	27,265730	25,431940	25,277927	24,402659	24,155705	22,763450	22,883691
39,000000	21,758000	34,360286	34,812057	34,917298	33,195673	29,678197	27,403822	25,431664	25,279312	24,405650	24,158506	22,714939	22,848551
40,000000	21,758000	34,550258	35,065639	35,159969	33,379883	29,842890	27,540715	25,440234	25,280501	24,407260	24,160155	22,719436	22,803053
41,000000	21,758000	34,768870	35,366266	35,447721	33,594538	30,027705	27,703407	25,443626	25,284857	24,419636	24,154291	22,699332	22,805271
42,000000	21,758000	34,964812	35,615651	35,699084	33,785757	30,178267	27,844918	25,461648	25,290630	24,415538	24,154963	22,697798	22,807604
43,000000	21,758000	35,166458	35,874483	35,960376	33,985987	30,338429	28,010508	25,463719	25,287872	24,420291	24,167277	22,700603	22,834410
44,000000	21,758000	35,370930	36,132660	36,206580	34,188171	30,477832	28,169454	25,471189	25,287484	24,424824	24,173110	22,708025	22,847304
45,000000	21,758000	35,556454	36,385790	36,446524	34,381083	30,610534	28,320324	25,489929	25,282420	24,424215	24,180631	22,748437	22,828719
46,000000	21,758000	35,785031	36,679827	36,743484	34,623827	30,770311	28,518362	25,530753	25,311062	24,443027	24,184987	22,718363	22,813081
47,000000	21,758000	35,961536	36,908436	36,979100	34,827602	30,878227	28,674423	25,557111	25,316229	24,434165	24,188334	22,698802	22,803019
48,000000	21,758000	36,154934	37,161181	37,217819	35,045313	30,999238	28,840837	25,578796	25,334633	24,449284	24,189300	22,678054	22,814969
49,000000	21,758000	36,341786	37,412991	37,466985	35,257418	31,117067	29,009850	25,608783	25,338879	24,454339	24,193327	22,691411	22,848763
50,000000	21,758000	36,513025	37,633092	37,696993	35,457657	31,206818	29,163891	25,619712	25,336813	24,443342	24,193470	22,707116	22,853478
51,000000	21,758000	36,719157	37,899131	37,956497	35,683307	31,322951	29,343475	25,673024	25,352987	24,457868	24,206363	22,761543	22,869957
52,000000	21,758000	36,900128	38,132373	38,198666	35,898202	31,422556	29,507724	25,718779	25,373392	24,478235	24,227084	22,805615	22,885235
53,000000	21,758000	37,061833	38,350808	38,413009	36,086362	31,501485	29,665446	25,756635	25,372913	24,475391	24,221604	22,811229	22,888744
54,000000	21,758000	37,232615	38,566986	38,642142	36,270489	31,585424	29,825594	25,804442	25,388793	24,486189	24,229164	22,786196	22,898355
55,000000	21,758000	37,396818	38,787014	38,859004	36,463049	31,658917	29,975298	25,850433	25,412035	24,492004	24,232349	22,799149	22,924433
56,000000	21,758000	37,584280	39,030820	39,106066	36,674262	31,734822	30,156392	25,918478	25,422503	24,495131	24,233951	22,834440	22,924122
57,000000	21,758000	37,748328	39,229657	39,321258	36,854407	31,803914	30,298530	25,974272	25,426727	24,499019	24,243910	22,830964	22,914867
58,000000	21,758000	37,913686	39,440873	39,532084	37,032090	31,876544	30,446759	26,027311	25,442579	24,508457	24,248047	22,830440	22,934934
59,000000	21,758000	38,084464	39,646811	39,750026	37,209219	31,953175	30,594777	26,098123	25,459756	24,512812	24,255955	22,868747	22,936876
60,000000	21,758000	38,252541	39,843525	39,940784	37,376810	31,999221	30,730842	26,161234	25,485529	24,516019	24,255346	22,844870	22,903434
61,000000	21,758000	38,449812	40,091814	40,176815	37,586216	32,088472	30,905042	26,284316	25,519515	24,540996	24,278009	22,836384	22,915693
62,000000	21,758000	38,618932	40,284787	40,371723	37,739459	32,148207	31,041378	26,372351	25,545628	24,546452	24,275111	22,819988	22,932445
63,000000	21,758000	38,788468	40,482993	40,571160	37,909342	32,225190	31,190642	26,467612	25,580176	24,564635	24,288801	22,798809	22,928799
64,000000	21,758000	38,948386	40,675726	40,760948	38,072217	32,294979	31,325791	26,568242	25,612462	24,580400	24,297782	22,788347	22,909078
65,000000	21,758000	39,109417	40,869105	40,950435	38,234585	32,359119	31,463813	26,676956	25,638343	24,581548	24,306792	22,835412	22,918282
66,000000	21,758000	39,287334	41,078842	41,167175	38,409697	32,426188	31,606071	26,809285	25,667316	24,582439	24,294824	22,851340	22,829827
67,000000	21,758000	39,444191	41,268677	41,351307	38,572691	32,507940	31,741653	26,940114	25,707954	24,606162	24,315851	22,824539	22,838013
68,000000	21,758000	39,600192	41,453031	41,532246	38,723450	32,567816	31,869426	27,072163	25,739731	24,622720	24,307768	22,849965	22,881660
69,000000	21,758000	39,756496	41,637080	41,714877	38,880521	32,634123	32,011944	27,212125	25,787164	24,635755	24,319514	22,851637	22,905225
70,000000	21,758000	39,912245	41,817354	41,884932	39,023185	32,704589	32,134121	27,343942	25,826269	24,637851	24,329816	22,826824	22,883552
71,000000	21,758000	40,096521	42,024043	42,098911	39,205567	32,788404	32,278769	27,532070	25,891742	24,665891	24,347610	22,833617	22,882230
72,000000	21,758000	40,248912	42,196595	42,273584	39,347474	32,859077	32,392997	27,686947	25,939133	24,684160	24,352765	22,817088	22,877568
73,000000	21,758000	40,396977	42,378399	42,439411	39,489827	32,929408	32,491559	27,853824	25,991392	24,705026	24,360138	22,793818	22,861460
74,000000	21,758000	40,552192	42,558626	42,620507	39,637493	33,010550	32,604010	28,039382	26,062077	24,723937	24,373951	22,810154	22,856780
75,000000	21,758000	40,700061	42,721929	42,776238	39,781436	33,090571	32,714381	28,210041	26,116802	24,736116	24,379118	22,827342	22,836721
76,000000	21,758000	40,867030	42,916992	42,961846	39,943287	33,160792	32,818317	28,418435	26,182154	24,766662	24,388092	22,789427	22,835710
77,000000	21,758000	41,010391	43,076992	43,124653	40,079997	33,224894	32,913958	28,596115	26,250878	24,781917	24,389395	22,756821	22,843570
78,000000	21,758000	41,166801	43,250164	43,295629	40,228117	33,307261	33,010334	28,787648	26,324792	24,807230	24,407709	22,796045	22,846001
79,000000	21,758000	41,315704	43,409828	43,454652	40,361567	33,380023	33,092510	28,971605	26,395195	24,820186	24,412130	22,802034	22,852870
80,000000	21,758000	41,462369	43,574853	43,608426	40,489565	33,454467	33,168060	29,157589	26,473726	24,839555	24,416216	22,806517	22,855210
81,000000	21,758000	41,644690	43,767707	43,793719	40,657929	33,541097	33,278931	29,397582	26,587823	24,890855	24,447229	22,762920	22,841284
82,000000	21,758000	41,787378	43,915991	43,942443	40,789580	33,624842	33,350055	29,575607	26,667202	24,918040	24,439724	22,765780	22,815779
83,000000	21,758000	41,935262	44,079232	44,098670	40,928201	33,700037	33,434583	29,783308	26,755522	24,950060	24,455907	22,803892	22,838805
84,000000	21,758000	42,081758	44,243574	44,254635	41,062880	33,784278	33,518328	29,974008	26,852257	24,988252	24,472166	22,826384	22,849581
85,000000	21,758000	42,215705	44,396472	44,404995	41,184964	33,859276	33,592176	30,155959	26,939079	25,021425	24,477719	22,825685	22,824115
86,000000	21,758000	42,373497	44,568012	44,583978	41,332814	33,957116	33,680849	30,371131	27,049370	25,064310	24,511155	22,823890	22,818109
87,000000	21,758000	42,520390	44,725066	44,726087	41,454140	34,035351	33,763327	30,564730	27,150429	25,096230	24,513437	22,806742	22,828103
88,000000	21,758000	42,661157	44,886701	44,874179	41,596124	34,113785	33,841021	30,769867	27,266053	25,132706	24,531192	22,814931	22,824462
89,000000	21,758000	42,801328	45,024321	45,017081	41,725522	34,190232	33,911252	30,962007	27,376617	25,168539	24,542813	22,777279	22,850781
90,000000	21,758000	42,939259	45,173349	45,158652	41,849280	34,269835	33,987421	31,144667	27,503861	25,208092	24,554385	22,769256	22,889036
91,000000	21,758000	43,100272	45,346487	45,337036	41,993285	34,371250	34,086039	31,356461	27,650624	25,265198	24,581670	22,814659	22,938599
92,000000	21,758000	43,226615	45,491898	45,470059	42,115378	34,448715	34,152073	31,520687	27,767967	25,307773	24,596200	22,842391	22,961272
93,000000	21,758000	43,362523	45,638382	45,614462	42,239593	34,529360	34,232619	31,689007	27,888933	25,371076	24,613036	22,864337	22,975252
94,000000	21,758000	43,493475	45,785039	45,757019	42,348569	34,609187	34,311429	31,847877	28,012236	25,420301	24,633167	22,847399	22,952502
95,000000	21,758000	43,646366	45,931474	45,898895	42,469232	34,705639	34,401551	32,011877	28,147903	25,478295	24,669370	22,847706	22,920124
96,000000	21,758000	43,779498	46,082297	46,036717	42,588876	34,786467	34,471271	32,186686	28,287508	25,531298	24,674993	22,826701	22,915963
97,000000	21,758000	43,910873	46,224430	46,180709	42,697358	34,872958	34,557460	32,349127	28,439521	25,596820	24,714210	22,810105	22,963208
98,000000	21,758000	44,042997	46,362886	46,309255	42,787585	34,958494	34,645625	32,504208	28,583084	25,646228	24,730808	22,837438	23,023326
99,000000	21,758000	44,169325	46,501845	46,441908	42,875351	35,043472	34,730144	32,675548	28,728775	25,709993	24,758441	22,865500	23,047436
100,000000	21,758000	44,294544	46,640786	46,567831	42,972483	35,117368	34,812914	32,833541	28,883283	25,772053	24,786239	22,896786	23,041902
101,000000	21,758000	44,453910	46,788702	46,703768	43,071195	35,224850	34,909976	33,013264	29,065721	25,854474	24,820728	22,918742	23,053904
102,000000	21,758000	44,575429	46,935252	46,838322	43,146867	35,309146	34,993832	33,151698	29,219763	25,930038	24,849345	22,927832	23,055032
103,000000	21,758000	44,697882	47,056775	46,950442	43,213326	35,390645	35,077349	33,283585	29,383773	26,000089	24,875001	22,922220	23,047585
104,000000	21,758000	44,823268	47,185298	47,062702	43,285376	35,477371	35,155066	33,446477	29,554547	26,072737	24,907843	22,923881	23,076947
105,000000	21,758000	44,963275	47,328775	47,194631	43,371458	35,573685	35,261625	33,620974	29,749503	26,159195	24,939789	22,942387	23,123681
106,000000	21,758000	45,098591	47,470309	47,316375	43,443481	35,661865	35,347192	33,779872	29,942280	26,243671	24,980204	22,921456	23,104251
107,000000	21,758000	45,225742	47,599166	47,423774	43,510828	35,740444	35,438553	33,927824	30,134821	26,324858	25,010322	22,922172	23,109749
108,000000	21,758000	45,342929	47,710861	47,514328	43,563266	35,827837	35,519877	34,045564	30,304858	26,398428	25,037612	22,890850	23,079928
109,000000	21,758000	45,458803	47,836823	47,612560	43,617877	35,920408	35,609868	34,137435	30,473910	26,486397	25,070060	22,899195	22,999923
110,000000	21,758000	45,597619	47,965248	47,719021	43,679695	36,009745	35,702695	34,231587	30,632647	26,580832	25,116472	22,917381	22,981217
111,000000	21,758000	45,731454	48,107192	47,823584	43,737011	36,099194	35,803727	34,377282	30,839156	26,662355	25,140118	22,873663	22,858928
112,000000	21,758000	45,853482	48,222184	47,905438	43,784137	36,186218	35,888856	34,525092	31,025606	26,752418	25,178211	22,800981	22,857177
113,000000	21,758000	45,967278	48,329603	47,991245	43,838997	36,276094	35,978826	34,656959	31,208002	26,832368	25,216227	22,812180	22,802416
114,000000	21,758000	46,089724	48,446509	48,075314	43,889912	36,365529	36,067799	34,767794	31,399222	26,939346	25,255326	22,772890	22,727636
115,000000	21,758000	46,220212	48,569460	48,169102	43,949829	36,449244	36,165995	34,889321	31,575552	27,040905	25,298830	22,630002	22,688365
116,000000	21,758000	46,339374	48,689930	48,247826	43,998966	36,540052	36,247549	35,013451	31,773569	27,148399	25,347321	22,576425	22,687676
117,000000	21,758000	46,463286	48,798387	48,321039	44,057398	36,629979	36,344461	35,142062	31,987120	27,249183	25,393968	22,614690	22,686302
118,000000	21,758000	46,578903	48,904657	48,397935	44,116980	36,712548	36,430167	35,258493	32,166779	27,361231	25,445013	22,628622	22,702261
119,000000	21,758000	46,702705	49,012256	48,470350	44,172930	36,797966	36,512034	35,399258	32,373572	27,488453	25,495024	22,682693	22,674269
120,000000	21,758000	46,827691	49,121113	48,540698	44,237350	36,893126	36,598212	35,557254	32,606968	27,629490	25,558024	22,733617	22,682193
121,000000	21,758000	46,964325	49,242481	48,605691	44,292049	36,980456	36,695998	35,705081	32,810554	27,778549	25,620515	22,802623	22,690365
122,000000	21,758000	47,077900	49,341879	48,668826	44,354913	37,061974	36,782017	35,789933	32,980474	27,881964	25,676455	22,823651	22,719514
123,000000	21,758000	47,200097	49,439277	48,719003	44,403830	37,143048	36,868743	35,879216	33,144243	27,975980	25,727003	22,796577	22,749143
124,000000	21,758000	47,319125	49,529613	48,774229	44,453006	37,230619	36,951651	35,965571	33,326505	28,100537	25,774319	22,653638	22,767213
125,000000	21,758000	47,438737	49,630549	48,829394	44,508528	37,324506	37,039111	36,088994	33,484795	28,241734	25,835911	22,605044	22,749216
126,000000	21,758000	47,582007	49,740227	48,881815	44,578309	37,421666	37,144234	36,256385	33,717265	28,375002	25,920794	22,649346	22,774823
127,000000	21,758000	47,689513	49,828692	48,914996	44,620375	37,509456	37,229506	36,313297	33,900633	28,529916	25,982399	22,704091	22,777833
128,000000	21,758000	47,811540	49,921120	48,958202	44,684371	37,594453	37,321589	36,422522	34,038091	28,655633	26,061300	22,717629	22,738993
129,000000	21,758000	47,934576	50,006157	49,001788	44,737913	37,683244	37,416050	36,545581	34,200130	28,776122	26,138769	22,663703	22,691198
130,000000	21,758000	48,046155	50,088709	49,021634	44,780325	37,767419	37,516946	36,677641	34,397960	28,894014	26,194029	22,620264	22,611110
131,000000	21,758000	48,179645	50,178287	49,050431	44,842481	37,869080	37,622661	36,827714	34,596032	29,068160	26,280393	22,613527	22,576721
132,000000	21,758000	48,283780	50,244687	49,060260	44,888508	37,959087	37,708841	36,953924	34,772192	29,208151	26,359766	22,613860	22,579237
133,000000	21,758000	48,390514	50,315173	49,079624	44,944803	38,058267	37,806516	37,077171	34,951829	29,364255	26,447361	22,692425	22,632917
134,000000	21,758000	48,506135	50,377728	49,089064	44,992113	38,153962	37,907924	37,161934	35,120151	29,499570	26,520603	22,713920	22,614355
135,000000	21,758000	48,612644	50,435782	49,096316	45,041346	38,240915	38,002595	37,273093	35,281953	29,642873	26,608938	22,651810	22,647751
136,000000	21,758000	48,731648	50,487193	49,100151	45,106225	38,357875	38,113552	37,420204	35,483184	29,822419	26,700972	22,634118	22,588236
137,000000	21,758000	48,842315	50,529376	49,109164	45,163074	38,457079	38,219039	37,550830	35,640410	29,969981	26,787775	22,628909	22,631131
138,000000	21,758000	48,943048	50,556646	49,095541	45,208627	38,552458	38,324134	37,684872	35,793351	30,119131	26,869563	22,634929	22,616776
139,000000	21,758000	49,044781	50,581022	49,088813	45,269022	38,651596	38,430100	37,810126	35,971496	30,261075	26,959761	22,588929	22,601721
140,000000	21,758000	49,141449	50,590885	49,066468	45,314117	38,745260	38,530298	37,916312	36,124663	30,404963	27,035211	22,508524	22,632622
141,000000	21,758000	49,245247	50,585658	49,055334	45,385269	38,868085	38,646853	38,014131	36,304018	30,588353	27,141979	22,555282	22,527320
142,000000	21,758000	49,338370	50,591119	49,076317	45,438204	38,968919	38,746501	38,095173	36,429676	30,739927	27,220008	22,555602	22,497072
143,000000	21,758000	49,440845	50,579002	49,142620	45,511923	39,069728	38,847585	38,234584	36,585471	30,905715	27,325208	22,560301	22,538010
144,000000	21,758000	49,521100	50,555441	49,211693	45,574836	39,152327	38,941087	38,344588	36,738858	31,052655	27,410388	22,609992	22,522971
145,000000	21,758000	49,600800	50,538432	49,302551	45,647122	39,240972	39,028279	38,450454	36,888807	31,210975	27,504452	22,668810	22,540586
146,000000	21,758000	49,682768	50,584353	49,403715	45,751859	39,339280	39,120228	38,555925	37,049509	31,394459	27,599276	22,668219	22,602694
147,000000	21,758000	49,768365	50,681090	49,497736	45,836982	39,416948	39,195191	38,648571	37,178261	31,546057	27,699940	22,676843	22,618481
148,000000	21,758000	49,858426	50,793638	49,585130	45,931282	39,491818	39,270422	38,751296	37,301097	31,693275	27,800757	22,680282	22,624334
149,000000	21,758000	49,949269	50,896108	49,643440	46,014106	39,579478	39,352525	38,850669	37,416259	31,840229	27,908607	22,701559	22,618920
150,000000	21,758000	50,037820	50,989994	49,698313	46,092805	39,655823	39,435027	38,924812	37,514625	31,965184	27,997286	22,759818	22,610250
151,000000	21,758000	50,138595	51,100274	49,738667	46,168776	39,754358	39,533932	39,055952	37,626764	32,086561	28,100432	22,809247	22,661874
152,000000	21,758000	50,249956	51,180199	49,785203	46,238994	39,845173	39,626860	39,139124	37,762843	32,221779	28,193058	22,807326	22,747449
153,000000	21,758000	50,343870	51,250779	49,812196	46,298031	39,936891	39,718949	39,235484	37,883965	32,377862	28,299285	22,778969	22,758066
154,000000	21,758000	50,432671	51,315393	49,840188	46,359674	40,027692	39,817201	39,323954	37,983377	32,527427	28,410923	22,638075	22,684492
155,000000	21,758000	50,520840	51,376097	49,865487	46,413858	40,119132	39,904717	39,423171	38,082574	32,636248	28,489769	22,583936	22,450317
156,000000	21,758000	50,632405	51,451315	49,892277	46,486354	40,226441	40,012426	39,529135	38,180200	32,784454	28,602417	22,587397	22,381794
157,000000	21,758000	50,715764	51,504163	49,939632	46,549088	40,313515	40,099241	39,612706	38,273712	32,900028	28,682960	22,579567	22,444116
158,000000	21,758000	50,803781	51,564597	49,977416	46,603132	40,400609	40,185123	39,688691	38,393413	33,027638	28,781067	22,590107	22,451633
159,000000	21,758000	50,896422	51,635577	50,038835	46,682858	40,498188	40,287985	39,764967	38,513550	33,179062	28,902152	22,639919	22,507166
160,000000	21,758000	50,980692	51,695029	50,081802	46,737190	40,581717	40,372073	39,861855	38,613455	33,322866	28,998034	22,655173	22,579880
161,000000	21,758000	51,067007	51,772090	50,126698	46,810814	40,676980	40,467806	39,916594	38,696240	33,442492	29,103356	22,722664	22,693104
162,000000	21,758000	51,151286	51,828277	50,169750	46,877909	40,759392	40,558542	40,012526	38,779942	33,544949	29,177310	22,778358	22,716333
163,000000	21,758000	51,231698	51,889454	50,208245	46,939357	40,844236	40,647395	40,160617	38,923703	33,682759	29,258891	22,803045	22,748028
164,000000	21,758000	51,307151	51,944816	50,256977	47,005563	40,942296	40,741363	40,292971	39,069011	33,843087	29,376509	22,825204	22,792817
165,000000	21,758000	51,382314	51,981199	50,302785	47,071373	41,034415	40,819390	40,405442	39,196376	33,964592	29,491662	22,789919	22,781688
166,000000	21,758000	51,472397	52,028198	50,357947	47,146227	41,132249	40,928910	40,529006	39,316475	34,139289	29,582764	22,764133	22,761070
167,000000	21,758000	51,544667	52,055538	50,396334	47,219095	41,231235	41,022489	40,618488	39,455363	34,292686	29,675875	22,742098	22,701358
168,000000	21,758000	51,621862	52,080519	50,434706	47,293032	41,324586	41,120497	40,719086	39,577117	34,431037	29,790764	22,726140	22,600453
169,000000	21,758000	51,695122	52,043551	50,462289	47,366304	41,437007	41,240134	40,801341	39,673774	34,583323	29,899665	22,744908	22,497354
170,000000	21,758000	51,764393	52,038730	50,493654	47,429354	41,513987	41,327053	40,875240	39,790984	34,732370	30,031602	22,759072	22,516658
171,000000	21,758000	51,835146	52,112944	50,587228	47,518318	41,594786	41,400186	40,984985	39,897009	34,907319	30,163807	22,776510	22,525908
172,000000	21,758000	51,917411	52,240655	50,705354	47,586374	41,661284	41,466353	41,041842	39,965728	35,030146	30,278148	22,788496	22,431852
173,000000	21,758000	51,999520	52,376164	50,838467	47,672403	41,730869	41,530192	41,095375	40,046448	35,136039	30,394577	22,731118	22,283854
174,000000	21,758000	52,083168	52,509726	50,956137	47,751062	41,794033	41,588239	41,175552	40,138748	35,253620	30,493569	22,639137	22,458482
175,000000	21,758000	52,181391	52,644926	51,063771	47,840519	41,874054	41,658557	41,278951	40,252937	35,367487	30,604974	22,665963	22,489702
176,000000	21,758000	52,279999	52,770151	51,151568	47,933340	41,946881	41,740213	41,387825	40,368647	35,492098	30,704150	22,573792	22,316671
177,000000	21,758000	52,369292	52,880798	51,229098	48,001206	42,028947	41,821606	41,458482	40,437498	35,574864	30,776174	22,506725	22,059563
178,000000	21,758000	52,459939	52,968332	51,285861	48,084797	42,107050	41,900740	41,475860	40,456345	35,627074	30,835977	22,346597	21,983185
179,000000	21,758000	52,568607	53,052402	51,345284	48,157533	42,189180	41,982375	41,532589	40,495339	35,687396	30,909993	22,231208	21,856970
180,000000	21,758000	52,650739	53,123726	51,394310	48,223767	42,259432	42,056431	41,638089	40,550069	35,762261	30,991352	22,218538	21,720327
181,000000	21,758000	52,762905	53,203927	51,428385	48,300291	42,352267	42,147466	41,743304	40,637168	35,915256	31,095360	22,236777	21,811905
182,000000	21,758000	52,861869	53,258130	51,478417	48,375158	42,448715	42,241731	41,743430	40,700926	36,010836	31,185456	22,135425	21,839451
183,000000	21,758000	52,956281	53,288499	51,515500	48,445061	42,546787	42,339990	41,839169	40,771816	36,089887	31,277063	22,108301	21,870158
184,000000	21,758000	53,033285	53,296446	51,543403	48,503397	42,624623	42,421950	41,956142	40,914473	36,206975	31,384219	22,273075	21,963382
185,000000	21,758000	53,113576	53,316904	51,573885	48,564141	42,706725	42,502482	42,063096	41,083984	36,354502	31,518170	22,328119	22,016120
186,000000	21,758000	53,225293	53,361521	51,643273	48,671056	42,824171	42,630424	42,254053	41,263881	36,557360	31,664612	22,353074	21,837859
187,000000	21,758000	53,296424	53,388938	51,672236	48,727062	42,911425	42,716743	42,326168	41,310759	36,680906	31,752991	22,412944	21,776192
188,000000	21,758000	53,368627	53,396380	51,708156	48,794344	42,999643	42,799193	42,398788	41,370443	36,785107	31,853514	22,298451	21,790381
189,000000	21,758000	53,434493	53,418657	51,747978	48,866126	43,076542	42,880607	42,500672	41,497029	36,897622	31,946661	22,091282	21,848217
190,000000	21,758000	53,502743	53,480431	51,802184	48,932724	43,158109	42,954569	42,558480	41,643638	37,027860	32,061737	22,209733	21,947863
191,000000	21,758000	53,591058	53,581738	51,873238	49,013863	43,241640	43,047688	42,654832	41,726646	37,236832	32,217886	22,320421	22,040015
192,000000	21,758000	53,663146	53,673003	51,941276	49,088158	43,324084	43,122296	42,746292	41,843799	37,331344	32,286383	22,418535	22,027649
193,000000	21,758000	53,738684	53,751958	52,004306	49,151933	43,385426	43,191907	42,784430	41,837222	37,392719	32,391058	22,434303	22,046574
194,000000	21,758000	53,825685	53,830001	52,084374	49,225731	43,460429	43,267639	42,824879	41,913115	37,547383	32,538345	22,436473	22,053117
195,000000	21,758000	53,907092	53,885372	52,155001	49,305599	43,543111	43,356676	42,959358	42,116375	37,721925	32,673163	22,234601	22,050249
196,000000	21,758000	53,998578	53,928861	52,226830	49,390664	43,644033	43,458604	43,145753	42,262723	37,875944	32,800278	22,219737	22,098484
197,000000	21,758000	54,082188	53,968081	52,295515	49,474304	43,742848	43,546766	43,237017	42,338823	37,990781	32,901876	22,307250	22,137606
198,000000	21,758000	54,158916	53,992300	52,347001	49,544382	43,825560	43,631387	43,298491	42,424450	38,091027	32,981841	22,396003	22,147422
199,000000	21,758000	54,222945	54,028704	52,394466	49,607078	43,902856	43,709207	43,374600	42,487292	38,164430	33,058220	22,313241	22,119524
200,000000	21,758000	54,287042	54,114787	52,448408	49,682554	43,971333	43,787862	43,432941	42,547469	38,281636	33,179047	22,155699	22,121735
201,000000	21,758000	54,364347	54,222162	52,529991	49,766892	44,052879	43,866425	43,536802	42,657617	38,432910	33,298864	22,124304	22,120318
202,000000	21,758000	54,450843	54,314034	52,610910	49,834398	44,128472	43,940621	43,642410	42,784168	38,549267	33,412695	22,193333	22,143652
203,000000	21,758000	54,524589	54,409715	52,694582	49,905908	44,204777	44,010201	43,734551	42,854761	38,658360	33,529597	22,268007	22,207871
204,000000	21,758000	54,607448	54,490940	52,777481	49,981281	44,281030	44,086152	43,805043	42,952485	38,749613	33,619782	22,389360	22,161935
205,000000	21,758000	54,693384	54,537246	52,847107	50,055520	44,366026	44,164547	43,886341	43,034437	38,847474	33,718817	22,391207	22,040598
206,000000	21,758000	54,774173	54,589293	52,915611	50,129354	44,461889	44,265977	44,021111	43,170391	38,986420	33,848030	22,294831	21,980126
207,000000	21,758000	54,864599	54,623412	52,981648	50,214867	44,543225	44,355768	44,058535	43,223962	39,070389	33,937478	22,182356	21,953300
208,000000	21,758000	54,931106	54,658638	53,041035	50,281921	44,622996	44,439022	44,111715	43,249647	39,124419	34,005239	22,209813	21,965052
209,000000	21,758000	54,997989	54,721246	53,101401	50,350101	44,700243	44,514453	44,198110	43,306440	39,209214	34,058909	22,194007	22,014660
210,000000	21,758000	55,073975	54,798421	53,166602	50,427232	44,779691	44,589797	44,243462	43,314572	39,270368	34,115618	22,316186	22,072975
211,000000	21,758000	55,163556	54,905277	53,254542	50,515490	44,863766	44,673559	44,277343	43,488062	39,392067	34,246854	22,334417	22,171679
212,000000	21,758000	55,227554	54,978780	53,319345	50,577884	44,922423	44,737439	44,446950	43,548235	39,462018	34,347701	22,382333	22,078540
213,000000	21,758000	55,308133	55,051899	53,399651	50,653620	45,007923	44,818825	44,527351	43,646183	39,563058	34,432864	22,313869	22,061218
214,000000	21,758000	55,392610	55,102514	53,474439	50,730032	45,093227	44,899944	44,673539	43,760797	39,699533	34,582081	22,401723	22,039431
215,000000	21,758000	55,458338	55,149838	53,533792	50,803082	45,168984	44,971333	44,732224	43,923172	39,891977	34,729291	22,421774	22,138741
216,000000	21,758000	55,538736	55,197283	53,612634	50,880601	45,265165	45,079784	44,829601	43,992687	40,026787	34,861070	22,368718	22,027647
217,000000	21,758000	55,614096	55,256049	53,670181	50,952337	45,332826	45,152875	44,870307	44,034677	40,102950	34,929819	22,180754	21,829705
218,000000	21,758000	55,683345	55,324341	53,732254	51,026051	45,405412	45,225071	44,899148	44,066292	40,191619	34,993182	22,113921	21,642701
219,000000	21,758000	55,753866	55,406671	53,800347	51,102053	45,480458	45,295639	44,930466	44,189643	40,318072	35,099959	22,024837	21,612362
220,000000	21,758000	55,822743	55,480577	53,876629	51,178983	45,559658	45,366685	45,114406	44,263482	40,438660	35,210445	21,958717	21,590746
221,000000	21,758000	55,910248	55,555951	53,956886	51,251162	45,638182	45,453595	45,165232	44,404037	40,578145	35,354391	21,996627	21,701633
222,000000	21,758000	55,991019	55,625916	54,028850	51,325378	45,716828	45,527382	45,241656	44,480893	40,701013	35,506413	22,019834	21,906073
223,000000	21,758000	56,060713	55,673045	54,093527	51,392558	45,799172	45,606497	45,356828	44,607082	40,810848	35,624078	22,114460	22,024396
224,000000	21,758000	56,134644	55,714528	54,162070	51,465935	45,873168	45,687009	45,415778	44,677300	40,942929	35,755271	22,228068	22,069510
225,000000	21,758000	56,187420	55,773042	54,224767	51,540298	45,939359	45,760546	45,488914	44,743133	41,029792	35,868457	22,161388	22,019566
226,000000	21,758000	56,279802	55,871371	54,299843	51,608717	46,023386	45,837670	45,529826	44,830651	41,134915	35,972257	22,121046	22,057552
227,000000	21,758000	56,350925	55,972458	54,372019	51,684552	46,091102	45,916955	45,614057	44,892966	41,207380	36,050953	22,085437	21,970937
228,000000	21,758000	56,430473	56,062521	54,450720	51,766979	46,168697	45,985847	45,628951	44,949045	41,252927	36,159497	22,147655	22,038498
229,000000	21,758000	56,500413	56,133082	54,530159	51,833830	46,235948	46,051946	45,706823	45,015399	41,311031	36,256436	22,197216	22,260060
230,000000	21,758000	56,583525	56,205941	54,604478	51,909614	46,310699	46,122508	45,787625	45,073136	41,453861	36,362429	22,132699	22,381212
231,000000	21,758000	56,662351	56,253715	54,680159	51,981102	46,403908	46,211145	45,899729	45,216343	41,584104	36,451736	22,074980	22,331187
232,000000	21,758000	56,736443	56,318305	54,748456	52,054767	46,474251	46,285608	46,013306	45,291055	41,669813	36,534650	22,141721	22,321180
233,000000	21,758000	56,809047	56,407430	54,816102	52,130013	46,540393	46,354903	46,084902	45,336660	41,745570	36,615804	22,269072	22,352312
234,000000	21,758000	56,887341	56,504104	54,890047	52,204085	46,608123	46,426503	46,172963	45,441025	41,850460	36,720145	22,326936	22,259865
235,000000	21,758000	56,962509	56,589666	54,956337	52,258993	46,670374	46,478426	46,267940	45,539311	41,962178	36,831419	22,320615	22,190379
236,000000	21,758000	57,047335	56,686608	55,053205	52,354303	46,758043	46,566726	46,351351	45,639378	42,074584	36,973650	22,165364	22,057363
237,000000	21,758000	57,131677	56,736886	55,127992	52,416566	46,842235	46,648951	46,432225	45,724559	42,151683	37,074959	22,145741	21,988623
238,000000	21,758000	57,211353	56,791695	55,199860	52,491510	46,926046	46,737681	46,485940	45,787880	42,244144	37,155433	22,036918	21,866629
239,000000	21,758000	57,280056	56,832667	55,255537	52,553927	46,992965	46,807777	46,510514	45,827117	42,295279	37,222995	21,928262	21,706762
240,000000	21,758000	57,350608	56,901347	55,320278	52,631763	47,056338	46,877499	46,580202	45,890050	42,364426	37,302248	21,859930	21,735014
241,000000	21,758000	57,435364	57,022351	55,409477	52,707976	47,138294	46,948993	46,663699	45,967701	42,473137	37,435019	21,977695	21,860254
242,000000	21,758000	57,503930	57,123067	55,475385	52,779737	47,205258	47,014322	46,731981	46,067276	42,582479	37,563330	22,067146	21,960696
243,000000	21,758000	57,580632	57,207258	55,550510	52,841591	47,269202	47,085694	46,802407	46,148773	42,684862	37,657132	22,056349	21,948899
244,000000	21,758000	57,671683	57,291084	55,631150	52,919081	47,350552	47,168792	46,887484	46,235594	42,795537	37,764657	21,945084	21,801625
245,000000	21,758000	57,757419	57,348909	55,710996	52,995485	47,424650	47,235799	46,954527	46,328755	42,904100	37,858659	22,026175	21,787800
246,000000	21,758000	57,831426	57,407290	55,784550	53,069851	47,512707	47,324637	47,010730	46,365084	42,988242	37,960052	22,023515	21,704482
247,000000	21,758000	57,899007	57,423347	55,839197	53,124961	47,590032	47,400872	47,049590	46,406648	43,011756	37,991595	22,019754	21,821690
248,000000	21,758000	57,974449	57,430992	55,903447	53,200452	47,670264	47,483558	47,133173	46,452994	43,072037	38,040984	22,149669	21,904876
249,000000	21,758000	58,040057	57,484952	55,969288	53,282582	47,742648	47,565093	47,216619	46,532334	43,160389	38,119622	22,264367	21,830616
250,000000	21,758000	58,102403	57,558326	56,023695	53,346626	47,808798	47,627679	47,290976	46,622163	43,260397	38,227390	22,129921	21,782730
251,000000	21,758000	58,176056	57,652193	56,094134	53,417064	47,882938	47,702348	47,374359	46,691479	43,376162	38,353889	22,110210	21,781225
252,000000	21,758000	58,238167	57,723040	56,161768	53,486337	47,944370	47,768879	47,486007	46,778353	43,464266	38,453852	22,197639	21,819075
253,000000	21,758000	58,310168	57,793397	56,220834	53,556930	48,018448	47,834912	47,554660	46,897580	43,570879	38,568760	22,155173	21,819813
254,000000	21,758000	58,386559	57,862153	56,290211	53,635581	48,092523	47,910225	47,651523	46,992882	43,688777	38,708548	22,216020	21,752996
255,000000	21,758000	58,465686	57,919018	56,365385	53,699588	48,170923	47,981785	47,760891	47,062377	43,792280	38,807641	22,180526	21,659060
256,000000	21,758000	58,524853	57,969431	56,433948	53,773784	48,249838	48,067893	47,790934	47,139678	43,871033	38,898363	22,107224	21,591169
257,000000	21,758000	58,590512	58,001227	56,488877	53,841649	48,334821	48,147746	47,847475	47,195268	43,953265	38,988411	21,891039	21,541484
258,000000	21,758000	58,657169	58,027818	56,554592	53,913628	48,421048	48,229157	47,920091	47,266752	44,027810	39,082797	21,831229	21,585229
259,000000	21,758000	58,710447	58,042591	56,603101	53,980106	48,495172	48,309130	48,028519	47,345194	44,124451	39,174030	21,878357	21,629579
260,000000	21,758000	58,767164	58,047147	56,656084	54,051542	48,597917	48,408849	48,134837	47,426324	44,230755	39,264920	22,055776	21,693989
261,000000	21,758000	58,793640	58,052893	56,719859	54,118652	48,671618	48,489449	48,235911	47,490910	44,317104	39,345614	22,011668	21,797686
262,000000	21,758000	58,839750	58,090506	56,785119	54,199904	48,755359	48,576473	48,327050	47,570873	44,401891	39,437199	22,238203	21,909081
263,000000	21,758000	58,874108	58,143996	56,845481	54,273462	48,823916	48,649579	48,374351	47,686029	44,495348	39,533433	22,209400	21,851993
264,000000	21,758000	58,927016	58,202648	56,904663	54,338070	48,890692	48,712534	48,424875	47,737816	44,596964	39,647517	21,984751	21,783841
265,000000	21,758000	58,984730	58,263543	56,960046	54,406225	48,968457	48,781766	48,504538	47,813753	44,683072	39,755400	22,005643	21,745461
266,000000	21,758000	59,044377	58,327692	57,032840	54,476532	49,038885	48,862516	48,596628	47,941922	44,825386	39,884738	22,112001	21,650137
267,000000	21,758000	59,100045	58,375769	57,094850	54,548935	49,113643	48,926062	48,708551	48,032622	44,920228	39,996218	22,066734	21,720606
268,000000	21,758000	59,161039	58,427576	57,161578	54,618786	49,190938	49,002368	48,795203	48,142442	45,029362	40,107865	22,026925	21,722322
269,000000	21,758000	59,209423	58,461766	57,218013	54,685618	49,267793	49,080477	48,875812	48,224035	45,133363	40,213440	22,112573	21,734018
270,000000	21,758000	59,261651	58,507471	57,289410	54,763209	49,354719	49,176503	48,952020	48,253778	45,193311	40,315259	22,256291	21,812487
271,000000	21,758000	59,311892	58,540281	57,359755	54,832920	49,444197	49,265051	49,077481	48,361400	45,278653	40,398774	22,338802	21,752020
272,000000	21,758000	59,342876	58,575587	57,418398	54,915604	49,538254	49,354311	49,160642	48,460671	45,403015	40,510613	22,230003	21,629308
273,000000	21,758000	59,357801	58,603543	57,473446	54,972419	49,620820	49,432815	49,179234	48,438799	45,479086	40,587129	22,096785	21,554160
274,000000	21,758000	59,354239	58,616264	57,525838	55,035608	49,694157	49,513069	49,266054	48,449116	45,498052	40,644806	21,970147	21,577583
275,000000	21,758000	59,346055	58,660494	57,596682	55,118015	49,776649	49,595890	49,399953	48,579689	45,614252	40,728704	21,985355	21,755084
276,000000	21,758000	59,342766	58,711726	57,661264	55,197427	49,858037	49,685425	49,502832	48,732565	45,728305	40,838811	22,173105	21,943353
277,000000	21,758000	59,360688	58,759992	57,723114	55,267169	49,930921	49,756019	49,541615	48,782258	45,811422	40,925944	22,178969	21,942397
278,000000	21,758000	59,387906	58,818629	57,783501	55,337518	50,011086	49,832086	49,597627	48,885076	45,888396	40,975973	22,266189	21,908239
279,000000	21,758000	59,406262	58,867109	57,848837	55,401076	50,074678	49,897526	49,644607	48,937155	45,960060	41,053533	22,147148	21,907036
280,000000	21,758000	59,432126	58,924453	57,907978	55,477986	50,146688	49,971398	49,725547	48,977089	46,008004	41,116619	22,080130	21,850791
281,000000	21,758000	59,467175	58,978234	57,976428	55,554099	50,232416	50,052329	49,732105	48,979524	46,033383	41,130042	22,004179	21,829321
282,000000	21,758000	59,483548	59,020122	58,041499	55,625596	50,308808	50,131842	49,789448	49,093123	46,128908	41,233243	21,926298	21,867611
283,000000	21,758000	59,508362	59,060592	58,102737	55,698007	50,386011	50,211425	49,915939	49,131171	46,189479	41,281651	22,024310	21,931593
284,000000	21,758000	59,533081	59,089996	58,155727	55,762417	50,453251	50,278009	49,928105	49,178108	46,247450	41,327879	22,210390	21,927965
285,000000	21,758000	59,561057	59,125187	58,225459	55,819028	50,530126	50,349819	50,052996	49,319384	46,335684	41,411227	22,141333	21,901787
286,000000	21,758000	59,600212	59,172849	58,286489	55,914224	50,612356	50,438968	50,305052	49,511880	46,487496	41,517663	22,168483	21,924847
287,000000	21,758000	59,623541	59,209084	58,343734	55,981288	50,682960	50,499878	50,407936	49,602974	46,623326	41,731650	22,331588	22,010427
288,000000	21,758000	59,648093	59,250849	58,398846	56,042089	50,756171	50,573751	50,485045	49,686489	46,761435	41,900359	22,403495	22,025862
289,000000	21,758000	59,685272	59,291723	58,452482	56,097253	50,828026	50,646567	50,516795	49,753853	46,854262	42,028049	22,417372	22,018355
290,000000	21,758000	59,713903	59,335039	58,508060	56,156621	50,896276	50,723269	50,560475	49,808183	46,931459	42,113159	22,384157	22,105282
291,000000	21,758000	59,758930	59,393302	58,568518	56,249926	50,986253	50,809692	50,585119	49,886717	47,055254	42,191784	22,410538	22,190021
292,000000	21,758000	59,793212	59,441165	58,637098	56,318125	51,066601	50,878848	50,678945	49,942198	47,115667	42,268483	22,361907	22,057259
293,000000	21,758000	59,819090	59,493071	58,692343	56,382629	51,132151	50,953336	50,777880	50,029226	47,217926	42,387061	22,251374	22,100260
294,000000	21,758000	59,853848	59,544609	58,758808	56,457685	51,216021	51,040895	50,874258	50,149098	47,354950	42,511751	22,318844	22,142534
295,000000	21,758000	59,867649	59,594565	58,811775	56,521831	51,283809	51,104062	50,966918	50,262798	47,475857	42,599928	22,435904	22,114891
296,000000	21,758000	59,897504	59,665557	58,882494	56,592819	51,377585	51,194818	51,054553	50,354080	47,598647	42,732645	22,444500	22,162824
297,000000	21,758000	59,914961	59,713042	58,948059	56,657270	51,448098	51,273357	51,113086	50,428063	47,671024	42,835992	22,436315	22,059622
298,000000	21,758000	59,932403	59,758730	59,010785	56,725523	51,523678	51,345618	51,111842	50,457533	47,732529	42,939191	22,292928	21,892096
299,000000	21,758000	59,955006	59,820814	59,077798	56,800943	51,599413	51,426726	51,188864	50,552313	47,839600	43,039893	22,140579	21,801792
300,000000	21,758000	59,977229	59,883828	59,148538	56,872914	51,680477	51,507907	51,318183	50,667627	47,941481	43,135908	22,014016	21,826542
301,000000	21,758000	60,009216	59,942202	59,206694	56,932319	51,765097	51,585380	51,351676	50,700677	48,053989	43,240158	22,191988	21,832414
302,000000	21,758000	60,043886	59,992839	59,268116	57,010377	51,835404	51,663619	51,375282	50,711723	48,114621	43,296740	22,291822	21,837393
303,000000	21,758000	60,077965	60,048214	59,329703	57,075299	51,904649	51,729657	51,476543	50,724354	48,111392	43,354557	22,131694	21,903109
304,000000	21,758000	60,106638	60,103439	59,389789	57,142000	51,972080	51,801173	51,554815	50,817662	48,172228	43,435488	22,071022	21,932126
305,000000	21,758000	60,131387	60,152106	59,443280	57,206938	52,041772	51,864869	51,610342	50,946925	48,277003	43,540249	22,094778	21,880484
306,000000	21,758000	60,166471	60,219562	59,513067	57,273337	52,126685	51,944252	51,782743	51,089722	48,441396	43,702581	22,078251	22,034387
307,000000	21,758000	60,198491	60,283416	59,580986	57,345792	52,207246	52,030402	51,861627	51,187615	48,545458	43,809997	22,057912	22,006606
308,000000	21,758000	60,224278	60,336093	59,640194	57,418394	52,287376	52,108154	51,904934	51,214338	48,602653	43,870657	22,086898	22,066076
309,000000	21,758000	60,247434	60,390683	59,703465	57,487071	52,357771	52,183513	51,964620	51,285093	48,671841	43,935064	22,154665	22,131205
310,000000	21,758000	60,269687	60,433711	59,762600	57,543309	52,426458	52,252282	51,961528	51,235350	48,627367	43,890763	22,202019	22,218194
311,000000	21,758000	60,297658	60,484085	59,822941	57,616934	52,505343	52,327316	51,922049	51,289913	48,610973	43,933318	22,356573	22,252832
312,000000	21,758000	60,328391	60,543858	59,893628	57,690590	52,578057	52,399808	52,003978	51,365726	48,743509	44,036501	22,369716	22,209907
313,000000	21,758000	60,358981	60,595104	59,951104	57,751802	52,639612	52,464466	52,064935	51,395519	48,806538	44,180990	22,256775	22,160868
314,000000	21,758000	60,401471	60,648299	60,013656	57,819251	52,699247	52,532110	52,085290	51,431200	48,860805	44,256382	22,227027	22,099832
315,000000	21,758000	60,440530	60,709636	60,076365	57,884752	52,768629	52,593526	52,157618	51,481025	48,900859	44,276977	22,142579	21,907206
316,000000	21,758000	60,479037	60,757779	60,140787	57,955219	52,838952	52,672617	52,232337	51,487945	48,949310	44,310298	22,042454	21,692508
317,000000	21,758000	60,511742	60,805092	60,186658	58,017511	52,895978	52,718996	52,308406	51,585426	48,960989	44,341499	22,072212	21,659234
318,000000	21,758000	60,550222	60,863356	60,247926	58,086235	52,968540	52,790261	52,396711	51,693057	49,032939	44,424174	22,028148	21,475182
319,000000	21,758000	60,593584	60,909603	60,305259	58,146867	53,038118	52,859556	52,460255	51,748146	49,145288	44,520805	21,999943	21,389124
320,000000	21,758000	60,629934	60,959558	60,354309	58,207422	53,093102	52,920757	52,552903	51,744233	49,212733	44,595598	22,001556	21,416734
321,000000	21,758000	60,680968	61,020213	60,429395	58,274035	53,177755	53,004560	52,584713	51,838670	49,276977	44,691724	21,960063	21,399344
322,000000	21,758000	60,720905	61,073110	60,479642	58,341994	53,244282	53,064095	52,668050	51,956263	49,366567	44,785962	21,863369	21,440618
323,000000	21,758000	60,756067	61,114422	60,533422	58,397164	53,303011	53,128038	52,711931	52,017194	49,468749	44,900037	22,017509	21,411330
324,000000	21,758000	60,798773	61,163555	60,596225	58,461537	53,372901	53,195882	52,812330	52,171136	49,604637	45,060407	21,916736	21,458269
325,000000	21,758000	60,846935	61,212394	60,638277	58,519370	53,435720	53,262235	52,945167	52,295934	49,834716	45,237800	21,920183	21,584232
326,000000	21,758000	60,884641	61,263801	60,705354	58,583718	53,515910	53,343322	53,175223	52,474671	50,002027	45,407562	21,880826	21,579465
327,000000	21,758000	60,933143	61,321666	60,760925	58,652054	53,586269	53,413968	53,215754	52,590236	50,059350	45,469017	21,912592	21,739581
328,000000	21,758000	60,973427	61,365999	60,808523	58,705754	53,651062	53,476706	53,284278	52,648300	50,155439	45,599662	22,038118	21,792690
329,000000	21,758000	61,022681	61,417309	60,872284	58,777105	53,720291	53,547529	53,408682	52,765308	50,261927	45,722807	22,184859	21,835137
330,000000	21,758000	61,064826	61,464103	60,931304	58,831083	53,786906	53,614449	53,460220	52,805597	50,325691	45,770809	22,210990	21,835698
331,000000	21,758000	61,109942	61,522763	60,984102	58,889430	53,856169	53,676065	53,537040	52,875493	50,407214	45,849698	22,234385	21,891256
332,000000	21,758000	61,167419	61,583919	61,055320	58,964060	53,931546	53,755896	53,602213	52,942221	50,514400	45,922599	22,280729	21,947722
333,000000	21,758000	61,220522	61,638327	61,104554	59,026236	53,991114	53,823769	53,655105	53,009754	50,585288	46,002554	22,157984	21,949552
334,000000	21,758000	61,281598	61,696309	61,164660	59,087644	54,058966	53,891668	53,692052	53,035018	50,623552	46,092673	22,096644	21,995951
335,000000	21,758000	61,331260	61,751885	61,224286	59,149066	54,125179	53,953061	53,734944	52,990027	50,620330	46,150932	22,155468	22,211121
336,000000	21,758000	61,396116	61,809534	61,285538	59,221413	54,202022	54,025939	53,786273	53,006669	50,721460	46,230755	22,325035	22,191083
337,000000	21,758000	61,444422	61,863400	61,337662	59,276549	54,259227	54,088900	53,844404	53,127563	50,784546	46,276403	22,226087	22,160081
338,000000	21,758000	61,503477	61,923721	61,404546	59,339667	54,331458	54,155316	53,976078	53,287773	50,797975	46,321804	22,202530	22,198275
339,000000	21,758000	61,552890	61,976956	61,459344	59,402043	54,392880	54,218424	54,095213	53,391033	50,887333	46,441895	22,275668	22,249760
340,000000	21,758000	61,602062	62,024815	61,504148	59,456235	54,455775	54,279559	54,199745	53,481042	51,014910	46,514810	22,314878	22,290313
341,000000	21,758000	61,690299	62,108698	61,587438	59,546779	54,552670	54,376415	54,174576	53,598914	51,105287	46,604701	22,386806	22,282880
342,000000	21,758000	61,717040	62,142323	61,631848	59,588583	54,600290	54,433414	54,202880	53,602008	51,138148	46,681534	22,354701	22,169502
343,000000	21,758000	61,764421	62,191685	61,685441	59,648533	54,662528	54,493694	54,304762	53,641409	51,233760	46,803277	22,356810	22,092565
344,000000	21,758000	61,821923	62,253001	61,756723	59,720263	54,734790	54,568684	54,438298	53,778484	51,377177	46,918558	22,297025	22,158429
345,000000	21,758000	61,877342	62,315137	61,807026	59,777264	54,814583	54,629493	54,517694	53,859072	51,476453	47,025178	22,257224	22,092349
346,000000	21,758000	61,926996	62,366556	61,860390	59,851596	54,877623	54,705138	54,555180	53,873898	51,500847	47,085309	22,328557	22,108197
347,000000	21,758000	61,979418	62,423040	61,925630	59,914412	54,949139	54,778807	54,558482	53,898300	51,520015	47,115823	22,405697	22,181806
348,000000	21,758000	62,026212	62,469408	61,982981	59,975461	55,016214	54,841456	54,651675	54,010665	51,614146	47,257205	22,435769	22,294143
349,000000	21,758000	62,067394	62,512148	62,023828	60,024495	55,074891	54,905447	54,759567	54,083260	51,717875	47,344442	22,496658	22,327848
350,000000	21,758000	62,114228	62,563508	62,068655	60,080293	55,143873	54,969420	54,828619	54,159021	51,777662	47,422067	22,510996	22,243272
351,000000	21,758000	62,176044	62,621134	62,151530	60,154660	55,232275	55,055856	54,963205	54,217905	51,902115	47,539236	22,497457	22,134505
352,000000	21,758000	62,222966	62,667522	62,198097	60,215045	55,289526	55,114205	54,934503	54,279543	51,994308	47,664783	22,506253	22,299961
353,000000	21,758000	62,271212	62,714950	62,252076	60,271886	55,350481	55,182862	54,929255	54,308815	51,984372	47,711026	22,489629	22,349285
354,000000	21,758000	62,318462	62,766053	62,299876	60,332333	55,418228	55,254665	54,933485	54,346194	52,037432	47,751646	22,409251	22,305718
355,000000	21,758000	62,366443	62,806815	62,354105	60,393046	55,486709	55,316517	54,918827	54,297760	52,073556	47,761326	22,405295	22,288612
356,000000	21,758000	62,420431	62,873737	62,420258	60,472191	55,564469	55,393452	55,033462	54,382161	52,100838	47,836499	22,344748	22,260053
357,000000	21,758000	62,463032	62,916161	62,460434	60,518763	55,616848	55,444898	55,065065	54,475609	52,229109	47,950443	22,280261	22,263400
358,000000	21,758000	62,517591	62,969614	62,523991	60,583470	55,679571	55,512220	55,123720	54,512285	52,318605	48,054572	22,229091	22,226446
359,000000	21,758000	62,570931	63,026515	62,587051	60,650521	55,755984	55,588343	55,171810	54,564266	52,386384	48,185374	22,271868	22,110178
360,000000	21,758000	62,604909	63,063009	62,633864	60,690436	55,801390	55,633554	55,246684	54,737848	52,485158	48,292588	22,111600	21,758814
361,000000	21,758000	62,670311	63,120475	62,687992	60,768544	55,878961	55,704758	55,356455	54,862495	52,627136	48,350240	22,126902	21,718204
362,000000	21,758000	62,707994	63,175409	62,738022	60,818432	55,937975	55,769557	55,438506	54,866064	52,673938	48,448088	22,016352	21,789439
363,000000	21,758000	62,762166	63,221937	62,793625	60,882182	56,007360	55,831277	55,541958	54,852752	52,665796	48,453143	22,115910	21,839909
364,000000	21,758000	62,808042	63,266396	62,844385	60,933122	56,059805	55,886598	55,683430	54,918947	52,677666	48,467763	22,198987	21,816665
365,000000	21,758000	62,863025	63,319284	62,899054	60,997351	56,124300	55,955225	55,823571	55,097001	52,784920	48,569641	22,273548	21,832175
366,000000	21,758000	62,912975	63,373113	62,962921	61,061230	56,197069	56,026416	55,905098	55,253851	52,988496	48,722142	22,275477	21,888505
367,000000	21,758000	62,962938	63,427944	63,016912	61,110939	56,254356	56,083828	55,917496	55,265513	53,073903	48,826701	22,057014	21,839330
368,000000	21,758000	63,012937	63,468682	63,059533	61,171163	56,316489	56,139234	55,957768	55,285440	53,106449	48,890846	21,971671	21,779608
369,000000	21,758000	63,062436	63,515985	63,111998	61,222393	56,374413	56,204443	55,992377	55,340180	53,108260	48,972360	21,946841	21,645216
370,000000	21,758000	63,120216	63,563263	63,171028	61,289537	56,432398	56,253800	56,039497	55,320965	53,138444	48,944849	22,015319	21,652920
371,000000	21,758000	63,172462	63,631640	63,231230	61,353813	56,504702	56,335604	56,088820	55,354191	53,158197	48,965161	22,152636	21,710151
372,000000	21,758000	63,236643	63,688352	63,284821	61,418156	56,566373	56,399282	56,086676	55,336175	53,131823	49,046420	22,134852	21,810484
373,000000	21,758000	63,297223	63,742139	63,347616	61,478012	56,624197	56,453588	56,130555	55,347981	53,124954	49,129795	22,091440	21,922097
374,000000	21,758000	63,349205	63,794678	63,399840	61,531089	56,686628	56,514929	56,331684	55,535212	53,148802	49,160360	22,103381	22,011432
375,000000	21,758000	63,400086	63,844953	63,462657	61,585156	56,745084	56,571578	56,490498	55,651547	53,240451	49,181852	22,136120	22,080682
376,000000	21,758000	63,468472	63,907601	63,512226	61,646910	56,806432	56,639048	56,557801	55,707646	53,330432	49,241117	22,238913	22,147223
377,000000	21,758000	63,530689	63,969310	63,570021	61,705116	56,868170	56,704885	56,562363	55,747761	53,446886	49,316665	22,327267	22,226547
378,000000	21,758000	63,586445	64,025091	63,629205	61,769818	56,933887	56,768398	56,602815	55,873938	53,609968	49,461677	22,407814	22,311826
379,000000	21,758000	63,638573	64,075696	63,676753	61,829362	56,986677	56,825231	56,673082	56,032436	53,707630	49,543368	22,426549	22,349533
380,000000	21,758000	63,696672	64,128456	63,732606	61,882146	57,049804	56,884498	56,756579	56,009906	53,715253	49,576361	22,456248	22,404334
381,000000	21,758000	63,757114	64,188886	63,796445	61,942412	57,123589	56,947640	56,814479	56,162683	53,772130	49,633910	22,363349	22,409865
382,000000	21,758000	63,817321	64,244778	63,854901	61,998270	57,179200	57,015906	56,895206	56,263111	53,934214	49,775755	22,383191	22,443803
383,000000	21,758000	63,878505	64,299248	63,901957	62,061565	57,242314	57,071789	56,840545	56,213713	54,024108	49,886952	22,341870	22,431301
384,000000	21,758000	63,927353	64,350844	63,949517	62,113606	57,296074	57,134481	56,919422	56,201345	54,073954	50,004581	22,302697	22,451290
385,000000	21,758000	63,984466	64,399203	64,009526	62,158593	57,356899	57,190496	57,044456	56,346306	54,159770	50,129359	22,346090	22,492909
386,000000	21,758000	64,052076	64,464823	64,075470	62,232550	57,432770	57,263322	57,035127	56,392332	54,164619	50,119395	22,394450	22,530452
387,000000	21,758000	64,102264	64,513916	64,126050	62,288044	57,489941	57,320398	57,014839	56,352230	54,129847	50,106993	22,467380	22,590262
388,000000	21,758000	64,164556	64,563611	64,174647	62,346221	57,539925	57,372188	57,014862	56,426230	54,228664	50,122044	22,521519	22,619533
389,000000	21,758000	64,220716	64,616487	64,227292	62,399679	57,593863	57,429345	57,030413	56,386661	54,270079	50,088807	22,578133	22,623250
390,000000	21,758000	64,275668	64,666712	64,283711	62,454873	57,650086	57,486671	57,193461	56,550606	54,322991	50,156160	22,599303	22,632239
391,000000	21,758000	64,338511	64,733915	64,347126	62,528797	57,714641	57,548238	57,273717	56,700153	54,540365	50,436668	22,549995	22,664277
392,000000	21,758000	64,385413	64,788043	64,395003	62,585149	57,776140	57,614123	57,354603	56,712945	54,624463	50,591893	22,571082	22,632054
393,000000	21,758000	64,439088	64,841326	64,460414	62,635600	57,838751	57,666475	57,426594	56,783838	54,657465	50,648020	22,597098	22,681539
394,000000	21,758000	64,491122	64,887896	64,503965	62,681384	57,891369	57,721878	57,420336	56,793359	54,730826	50,739889	22,612136	22,710399
395,000000	21,758000	64,543301	64,932428	64,551729	62,735285	57,945430	57,784210	57,493631	56,854755	54,787222	50,822002	22,554465	22,686132
396,000000	21,758000	64,597723	64,985437	64,606144	62,800775	58,015179	57,839816	57,575693	56,988929	54,882943	50,889590	22,530729	22,630618
397,000000	21,758000	64,644940	65,041039	64,662882	62,858584	58,076002	57,906899	57,680515	57,054445	54,973122	51,024321	22,601562	22,666513
398,000000	21,758000	64,688585	65,082822	64,709397	62,906208	58,127082	57,960441	57,669174	57,067914	55,044417	51,109748	22,548482	22,677284
399,000000	21,758000	64,738967	65,130350	64,764246	62,960213	58,187025	58,023371	57,777898	57,145594	55,107687	51,189833	22,451168	22,522181
400,000000	21,758000	64,786502	65,185070	64,814372	63,021180	58,242792	58,078849	57,798997	57,289622	55,160621	51,301386	22,352261	22,310834
401,000000	21,758000	64,856421	65,244305	64,881268	63,078152	58,311967	58,146607	57,879388	57,259705	55,190203	51,418378	22,292012	22,221033
402,000000	21,758000	64,906394	65,301389	64,932748	63,135351	58,368425	58,201519	58,007873	57,357788	55,284974	51,489126	22,156169	22,132400
403,000000	21,758000	64,957250	65,350133	64,980147	63,188560	58,424567	58,257824	58,083287	57,443470	55,391504	51,520033	22,136259	22,159605
404,000000	21,758000	65,014878	65,402122	65,045327	63,249573	58,487724	58,317844	58,136442	57,483315	55,431073	51,539991	22,184899	22,223309
405,000000	21,758000	65,075772	65,460263	65,097555	63,299322	58,545863	58,377071	58,134406	57,571095	55,444444	51,500288	22,273072	22,253565
406,000000	21,758000	65,138788	65,522884	65,159218	63,355995	58,600578	58,434917	58,286184	57,536600	55,381015	51,469149	22,344364	22,294891
407,000000	21,758000	65,198029	65,578741	65,212165	63,419926	58,656948	58,489156	58,175489	57,533228	55,438659	51,524877	22,432690	22,283077
408,000000	21,758000	65,262275	65,635730	65,269758	63,475094	58,720586	58,547607	58,278271	57,578719	55,507488	51,590175	22,359332	22,104755
409,000000	21,758000	65,314931	65,693380	65,323092	63,523446	58,765376	58,597747	58,325085	57,631457	55,573123	51,708446	22,312330	22,139387
410,000000	21,758000	65,387335	65,756730	65,388883	63,587512	58,834959	58,668273	58,527087	57,850935	55,756223	51,817743	22,134975	22,095263
411,000000	21,758000	65,438052	65,808292	65,445853	63,643822	58,888097	58,720798	58,643930	57,834827	55,754564	51,742702	22,109661	22,070330
412,000000	21,758000	65,489741	65,877003	65,499095	63,702712	58,944658	58,778368	58,639107	57,949672	55,694571	51,839743	22,298171	22,129057
413,000000	21,758000	65,545787	65,930232	65,551746	63,746992	58,998304	58,830266	58,610794	57,880154	55,739373	51,924620	22,268772	22,147684
414,000000	21,758000	65,593602	65,977204	65,602548	63,801280	59,049509	58,887083	58,563030	57,794916	55,726393	51,939591	22,272695	22,172655
415,000000	21,758000	65,659432	66,037821	65,664760	63,866450	59,108453	58,949386	58,616887	57,881978	55,754925	51,948298	22,254316	21,958213
416,000000	21,758000	65,714347	66,103244	65,722966	63,925764	59,159674	58,987781	58,615033	57,904873	55,809944	51,991158	21,989985	21,915621
417,000000	21,758000	65,765084	66,149692	65,775884	63,973915	59,215336	59,046664	58,654213	58,016867	55,903644	52,067607	21,958618	21,918346
418,000000	21,758000	65,816471	66,200832	65,833591	64,035588	59,264880	59,102180	58,726019	58,049255	55,968578	52,123130	22,046297	22,017198
419,000000	21,758000	65,856009	66,246879	65,882700	64,081013	59,311560	59,152677	58,942834	58,212175	56,079183	52,193207	22,152877	22,095523
420,000000	21,758000	65,897216	66,301411	65,928336	64,125282	59,362057	59,197387	59,068491	58,292748	56,182447	52,341667	22,304216	22,033541
421,000000	21,758000	65,957545	66,343565	65,979111	64,184231	59,421420	59,259282	59,021753	58,273452	56,218464	52,500085	22,169476	21,824889
422,000000	21,758000	66,010055	66,396390	66,032234	64,243313	59,480632	59,314188	58,992742	58,387241	56,326392	52,603694	21,945723	21,775559
423,000000	21,758000	66,054496	66,451128	66,091550	64,295980	59,538567	59,368681	59,066951	58,510530	56,467303	52,710071	21,957977	21,854648
424,000000	21,758000	66,100186	66,497558	66,138476	64,341296	59,591647	59,421165	59,156826	58,560509	56,544057	52,775192	22,045465	21,879024
425,000000	21,758000	66,136348	66,538577	66,187186	64,390730	59,631911	59,477629	59,118468	58,535514	56,587342	52,803941	22,132803	21,839663
426,000000	21,758000	66,178794	66,576566	66,240828	64,447086	59,700359	59,534652	59,245485	58,601038	56,642051	52,874032	22,127441	21,874959
427,000000	21,758000	66,230078	66,636347	66,293645	64,501909	59,765551	59,590941	59,360851	58,671596	56,761012	52,974253	22,183639	21,944148
428,000000	21,758000	66,283609	66,687346	66,345988	64,557384	59,820090	59,650252	59,520999	58,790246	56,904507	53,108693	22,130405	22,024123
429,000000	21,758000	66,328293	66,734560	66,389751	64,611301	59,869643	59,707577	59,622774	58,861553	56,975891	53,221929	22,052042	22,025739
430,000000	21,758000	66,387276	66,790691	66,449916	64,665915	59,927758	59,762515	59,669611	58,960670	57,016091	53,216871	22,027429	22,187795
431,000000	21,758000	66,449430	66,852449	66,517733	64,731874	59,997458	59,817322	59,661967	58,925391	56,990763	53,161509	22,177518	22,236091
432,000000	21,758000	66,506132	66,903142	66,569010	64,772393	60,045513	59,874362	59,635718	58,938528	56,975063	53,160315	22,140665	21,857135
433,000000	21,758000	66,571839	66,962520	66,623013	64,833196	60,093412	59,923773	59,721815	59,063660	57,059553	53,241960	22,017741	21,983918
434,000000	21,758000	66,624658	67,016038	66,669221	64,882374	60,145082	59,973791	59,816064	59,084454	57,101512	53,259598	22,053934	22,112441
435,000000	21,758000	66,689056	67,080566	66,732461	64,943564	60,195614	60,032474	59,709713	58,957700	57,026908	53,190104	22,171592	22,183326
436,000000	21,758000	66,750340	67,136579	66,790573	64,997673	60,247461	60,084203	59,589668	58,909934	56,931600	53,165044	22,286437	22,275242
437,000000	21,758000	66,807730	67,183404	66,838063	65,046269	60,287175	60,129468	59,690428	59,076999	57,001873	53,245579	22,288510	22,359710
438,000000	21,758000	66,867921	67,237765	66,885411	65,096977	60,336373	60,175617	59,883621	59,159602	57,089053	53,318656	22,179841	22,278845
439,000000	21,758000	66,922999	67,296279	66,939580	65,149455	60,394891	60,222562	59,942191	59,203117	57,101820	53,337238	22,210564	22,269130
440,000000	21,758000	66,963720	67,340374	66,978454	65,185991	60,426916	60,259983	59,919726	59,196870	57,132470	53,363608	22,270886	22,240723
441,000000	21,758000	67,020317	67,400791	67,043632	65,252824	60,488689	60,326552	59,999205	59,382758	57,303212	53,484616	22,288980	22,213771
442,000000	21,758000	67,066765	67,447522	67,085929	65,295928	60,535900	60,368457	60,015275	59,516108	57,480408	53,643634	22,192939	21,932818
443,000000	21,758000	67,108097	67,485249	67,127811	65,343120	60,587982	60,413531	60,174982	59,586826	57,594536	53,751467	22,192546	21,907035
444,000000	21,758000	67,152199	67,529531	67,181023	65,388867	60,633206	60,461551	60,178249	59,575392	57,637764	53,862119	22,265915	21,845356
445,000000	21,758000	67,195494	67,585699	67,230377	65,442851	60,687451	60,511347	60,316045	59,664070	57,690170	53,963300	22,149213	21,761290
446,000000	21,758000	67,234764	67,626098	67,277131	65,498168	60,732495	60,567187	60,387609	59,743880	57,781197	54,049217	22,044998	21,686189
447,000000	21,758000	67,288759	67,675043	67,330330	65,550975	60,791837	60,622590	60,423353	59,769047	57,831764	54,105750	21,982530	21,647013
448,000000	21,758000	67,328747	67,714687	67,372222	65,591701	60,842787	60,670347	60,409215	59,749712	57,829136	54,080529	21,944608	21,682669
449,000000	21,758000	67,373978	67,762096	67,421453	65,642744	60,889947	60,719435	60,440460	59,732277	57,797859	54,039108	22,027826	21,667929
450,000000	21,758000	67,421968	67,808405	67,478788	65,692033	60,939170	60,776531	60,500640	59,822359	57,810316	54,054062	22,049357	21,635061
451,000000	21,758000	67,475412	67,864369	67,519295	65,752299	60,989000	60,825091	60,596490	59,800924	57,815249	54,114497	21,987164	21,613534
452,000000	21,758000	67,521763	67,899826	67,571501	65,794120	61,042577	60,873358	60,569460	59,862335	57,917607	54,178975	21,950642	21,737349
453,000000	21,758000	67,574877	67,950661	67,620271	65,846459	61,086469	60,917788	60,702893	59,964024	58,030518	54,295626	21,990495	21,880730
454,000000	21,758000	67,626315	67,997581	67,664992	65,898955	61,135345	60,966058	60,781643	60,147746	58,109462	54,390293	22,032041	21,902723
455,000000	21,758000	67,675904	68,047066	67,707424	65,933435	61,178250	61,007064	60,913875	60,285290	58,183893	54,497071	21,922582	21,890673
456,000000	21,758000	67,731238	68,103555	67,766952	65,989321	61,244840	61,077729	60,989239	60,360979	58,378948	54,674277	21,986156	21,841063
457,000000	21,758000	67,801856	68,165159	67,827350	66,050652	61,303763	61,131684	61,036604	60,429803	58,513018	54,820087	22,120841	21,882471
458,000000	21,758000	67,846937	68,210141	67,877243	66,093815	61,346309	61,178702	61,088241	60,461017	58,577101	54,953204	22,110526	21,940730
459,000000	21,758000	67,903470	68,264325	67,924495	66,144031	61,399801	61,226953	61,135720	60,502911	58,640919	55,060768	22,153956	21,993227
460,000000	21,758000	67,959712	68,317801	67,970910	66,198118	61,456521	61,276260	61,230365	60,532630	58,674447	55,127136	22,213044	22,051606
461,000000	21,758000	68,012951	68,365368	68,025512	66,248432	61,507629	61,332314	61,231097	60,597673	58,710318	55,133292	22,304257	22,129663
462,000000	21,758000	68,068899	68,422296	68,073951	66,306198	61,562389	61,392352	61,289728	60,664348	58,750541	55,185982	22,343366	22,182394
463,000000	21,758000	68,134047	68,480263	68,134668	66,348276	61,614687	61,446138	61,330829	60,728130	58,785832	55,242458	22,377025	22,248146
464,000000	21,758000	68,180185	68,522872	68,178983	66,395123	61,668532	61,489616	61,383605	60,757392	58,847193	55,301217	22,393059	22,308373
465,000000	21,758000	68,222677	68,579896	68,222790	66,443041	61,724662	61,542625	61,434144	60,827637	58,949140	55,376450	22,404688	22,377023
466,000000	21,758000	68,281840	68,637867	68,281347	66,498835	61,778779	61,609353	61,504962	60,896643	59,042498	55,461437	22,374873	22,458014
467,000000	21,758000	68,319273	68,684268	68,323046	66,541196	61,836705	61,673576	61,560158	60,923365	59,099936	55,536936	22,404563	22,509304
468,000000	21,758000	68,372361	68,733752	68,375532	66,594659	61,897432	61,730534	61,569882	60,933094	59,150077	55,619779	22,405052	22,558018
469,000000	21,758000	68,413590	68,783001	68,426035	66,643463	61,947648	61,775348	61,619066	60,946778	59,122574	55,663599	22,412139	22,600148
470,000000	21,758000	68,452493	68,832128	68,475755	66,698856	62,002703	61,840268	61,629712	61,050437	59,092855	55,665190	22,472938	22,616003
471,000000	21,758000	68,511556	68,894403	68,536471	66,759942	62,072142	61,905183	61,645214	60,971443	59,093556	55,660340	22,568802	22,603694
472,000000	21,758000	68,550950	68,930133	68,584084	66,807146	62,106649	61,947462	61,659055	60,985724	59,108385	55,667165	22,602041	22,624943
473,000000	21,758000	68,596071	68,981343	68,631430	66,855908	62,165923	62,002019	61,637553	60,963757	59,140573	55,685693	22,600437	22,605033
474,000000	21,758000	68,628551	69,031669	68,677003	66,905418	62,214619	62,046329	61,603390	60,963700	59,145750	55,662268	22,567173	22,619184
475,000000	21,758000	68,683093	69,082291	68,732229	66,948536	62,262355	62,096713	61,733653	61,035532	59,156801	55,666332	22,594837	22,608165
476,000000	21,758000	68,734773	69,135193	68,789923	67,014416	62,320590	62,155849	61,813135	61,104187	59,261437	55,775346	22,627739	22,618394
477,000000	21,758000	68,779445	69,182944	68,836821	67,060833	62,368255	62,207113	61,931023	61,137838	59,346746	55,854336	22,595927	22,587578
478,000000	21,758000	68,821641	69,224585	68,876653	67,104758	62,421582	62,254524	62,114313	61,342750	59,455211	55,945104	22,627582	22,597251
479,000000	21,758000	68,864518	69,273059	68,924521	67,162357	62,476809	62,307863	62,202367	61,541433	59,619500	56,018873	22,674302	22,635318
480,000000	21,758000	68,903377	69,319649	68,973038	67,204609	62,536619	62,361700	62,238407	61,585860	59,775592	56,154210	22,691747	22,646446
481,000000	21,758000	68,961012	69,376506	69,031719	67,267931	62,597404	62,426570	62,324283	61,666208	59,848994	56,331639	22,689065	22,637981
482,000000	21,758000	68,995329	69,416424	69,079146	67,315509	62,649669	62,483698	62,393455	61,726855	59,883107	56,367230	22,690652	22,635279
483,000000	21,758000	69,030488	69,452046	69,121633	67,355781	62,706167	62,538594	62,439973	61,751347	59,875362	56,420634	22,651290	22,660021
484,000000	21,758000	69,074580	69,499249	69,157693	67,402372	62,757575	62,592054	62,455189	61,791295	59,917545	56,503242	22,639327	22,637718
485,000000	21,758000	69,114365	69,539842	69,202858	67,445821	62,796937	62,636732	62,489015	61,860273	59,997323	56,642236	22,655976	22,649044
486,000000	21,758000	69,163199	69,592412	69,262730	67,507915	62,861681	62,698240	62,602549	61,961401	60,042781	56,749182	22,624322	22,482715
487,000000	21,758000	69,205787	69,637343	69,307891	67,553745	62,926852	62,753109	62,669633	62,018746	60,133704	56,771002	22,615819	22,391187
488,000000	21,758000	69,254568	69,687064	69,359725	67,605673	62,978123	62,802995	62,707393	62,022824	60,154607	56,684840	22,561813	22,365052
489,000000	21,758000	69,300953	69,742493	69,408307	67,652234	63,026244	62,855832	62,727594	61,970908	60,143348	56,689641	22,521344	22,395532
490,000000	21,758000	69,346468	69,789858	69,458626	67,700784	63,069832	62,903261	62,830202	62,085053	60,201097	56,785355	22,523675	22,422194
491,000000	21,758000	69,407891	69,843236	69,508672	67,753302	63,123501	62,968481	62,852257	62,170263	60,259600	56,915675	22,495465	22,460681
492,000000	21,758000	69,462495	69,891828	69,550695	67,804955	63,171066	63,008384	62,906559	62,288502	60,325461	56,907338	22,541601	22,470122
493,000000	21,758000	69,516690	69,946888	69,607279	67,859684	63,226965	63,065549	62,968296	62,361412	60,480512	56,991629	22,613432	22,524495
494,000000	21,758000	69,562859	70,001609	69,660942	67,903635	63,275104	63,113180	62,991083	62,398231	60,548465	57,144842	22,646648	22,586519
495,000000	21,758000	69,620408	70,047385	69,702512	67,963520	63,327227	63,163842	63,043029	62,450225	60,529187	57,234550	22,587542	22,510781
496,000000	21,758000	69,682823	70,103645	69,755824	68,011568	63,355367	63,193737	63,126444	62,464751	60,392883	57,125176	22,499387	22,432229
497,000000	21,758000	69,734208	70,165496	69,809884	68,063766	63,397516	63,236930	63,215869	62,564503	60,385176	57,113920	22,543211	22,465603
498,000000	21,758000	69,771663	70,207843	69,854078	68,109674	63,436044	63,274440	63,239987	62,597676	60,379444	57,157259	22,576106	22,514282
499,000000	21,758000	69,823384	70,258581	69,904652	68,153997	63,480886	63,314089	63,296775	62,631798	60,480089	57,168963	22,604578	22,587957
500,000000	21,758000	69,874706	70,309758	69,951310	68,197054	63,524663	63,357080	63,359553	62,668391	60,557778	57,170372	22,606097	22,591620
501,000000	21,758000	69,929052	70,369295	70,013284	68,261851	63,586515	63,412071	63,414261	62,699461	60,625331	57,249144	22,584390	22,580062
502,000000	21,758000	69,974881	70,400612	70,043425	68,299929	63,626789	63,456783	63,358647	62,692757	60,660251	57,246835	22,588696	22,558745
503,000000	21,758000	70,013483	70,446334	70,082605	68,348475	63,679526	63,508734	63,410496	62,738403	60,767873	57,429734	22,578662	22,523737
504,000000	21,758000	70,048792	70,484024	70,122258	68,380689	63,721017	63,550431	63,484030	62,785945	60,891438	57,547789	22,496372	22,553447
505,000000	21,758000	70,091012	70,530117	70,168639	68,432606	63,776976	63,605862	63,499629	62,817810	60,973310	57,668019	22,514970	22,604368
506,000000	21,758000	70,140837	70,577252	70,219814	68,482820	63,833899	63,663690	63,543835	62,874056	61,047097	57,698137	22,558123	22,638437
507,000000	21,758000	70,180978	70,613248	70,260474	68,524377	63,881243	63,710094	63,585517	62,917028	61,129488	57,721567	22,628255	22,618145
508,000000	21,758000	70,223334	70,657070	70,306763	68,571860	63,930327	63,760998	63,599566	62,908177	61,131570	57,775784	22,661623	22,576028
509,000000	21,758000	70,256930	70,693813	70,343049	68,612108	63,960822	63,793435	63,652491	62,920590	61,116674	57,809770	22,628618	22,570633
510,000000	21,758000	70,304349	70,724322	70,386124	68,658535	64,006901	63,839045	63,665208	62,884658	61,159979	57,892067	22,636239	22,576532
511,000000	21,758000	70,368166	70,767489	70,434771	68,704814	64,049726	63,883247	63,633857	63,070183	61,257436	58,007532	22,704184	22,559806
512,000000	21,758000	70,425925	70,818271	70,480829	68,753114	64,100481	63,934487	63,820973	63,183447	61,355226	58,097460	22,755355	22,603637
513,000000	21,758000	70,486112	70,866426	70,525393	68,800929	64,147043	63,974139	63,896955	63,199201	61,415463	58,148895	22,763880	22,646136
514,000000	21,758000	70,544283	70,910060	70,567664	68,842246	64,189026	64,017542	63,919648	63,258288	61,453793	58,189991	22,709616	22,578493
515,000000	21,758000	70,597306	70,944404	70,604442	68,879138	64,233673	64,063007	63,909182	63,320643	61,483066	58,238060	22,630434	22,519974
516,000000	21,758000	70,673711	71,011006	70,661599	68,943710	64,294170	64,124725	64,030130	63,347678	61,496474	58,252084	22,640446	22,500876
517,000000	21,758000	70,718907	71,046523	70,700696	68,984431	64,337775	64,163332	64,077601	63,446148	61,592087	58,337614	22,694564	22,490579
518,000000	21,758000	70,773133	71,093576	70,747470	69,027363	64,381527	64,215028	64,086015	63,477752	61,725545	58,440972	22,699672	22,518021
519,000000	21,758000	70,820510	71,148833	70,796981	69,071222	64,432138	64,265438	64,117562	63,489948	61,750646	58,463408	22,490629	22,420459
520,000000	21,758000	70,882322	71,200125	70,843818	69,122468	64,476624	64,315394	64,154549	63,536594	61,781886	58,543676	22,367045	22,221794
521,000000	21,758000	70,928305	71,258795	70,896414	69,169982	64,514809	64,358434	63,378538	62,478282	61,167353	57,923685	22,467750	22,525407
522,000000	21,758000	70,974249	71,301020	70,930147	69,209832	64,498800	64,344693	62,646496	61,683155	60,140361	56,905075	22,635355	22,572162
523,000000	21,758000	71,015137	71,344531	70,976221	69,251155	64,448351	64,297307	62,193291	61,232643	59,329902	56,103950	22,643997	22,571728
524,000000	21,758000	71,056405	71,389536	71,017504	69,291166	64,378382	64,209246	61,999265	60,929052	58,719191	55,515121	22,623000	22,502270
525,000000	21,758000	71,091331	71,431056	71,053037	69,327753	64,293206	64,104909	61,900774	60,613359	58,261864	55,011494	22,547515	22,539242
