Iteração	Potencia	Cond 1	Cond 2	Cond 3	Cond 4	Cond 5	Cond 6	Cond 7	Cond 8	Cond 9	Cond 10	Liquido 1	Liquido 2	Liquido 3	Evap 1	Evap 2	Evap 3	Evap 4	Vapor 1	Vapor 2	Vapor 3	Tamb	Evap 3I	Evap 2I	
1,000000	63,325000	112,198490	114,520361	115,143282	112,224418	94,489245	90,639762	83,487493	80,970055	78,910059	76,119366	23,187122	23,519487
2,000000	63,325000	112,932693	115,321712	115,850887	112,703186	94,499338	90,448301	82,928354	80,361920	78,411950	75,735310	23,129540	23,499334
3,000000	63,325000	113,635368	116,075054	116,502034	113,149844	94,507865	90,261609	82,529516	79,973867	77,978276	75,393430	23,056881	23,474287
4,000000	63,325000	114,328970	116,812129	117,138906	113,577015	94,515914	90,085757	82,050272	79,554476	77,553024	74,939698	23,069995	23,431880
5,000000	63,325000	115,009955	117,525337	117,751726	113,990192	94,513060	89,921436	81,531861	79,145233	77,158298	74,426121	23,050463	23,397262
6,000000	63,325000	115,778779	118,318277	118,427618	114,436201	94,498889	89,738065	81,107420	78,704692	76,750770	73,848800	23,023232	23,370051
7,000000	63,325000	116,449396	118,992260	119,000584	114,816061	94,490313	89,579958	80,676836	78,376007	76,364935	73,411461	23,034520	23,339613
8,000000	63,325000	117,113158	119,663988	119,569496	115,195085	94,487614	89,429092	80,245170	78,071353	75,969404	73,035586	23,013512	23,309479
9,000000	63,325000	117,777599	120,328914	120,123133	115,559764	94,480628	89,283893	79,870746	77,661466	75,560462	72,663897	22,995168	23,306482
10,000000	63,325000	118,430047	120,978484	120,654209	115,911398	94,476799	89,136822	79,540858	77,271874	75,172839	72,253639	23,012363	23,315980
11,000000	63,325000	119,181609	121,711619	121,270230	116,302768	94,485487	88,985051	79,177770	77,003588	74,774336	71,732168	23,014041	23,341021
12,000000	63,325000	119,822674	122,322726	121,780948	116,631978	94,478689	88,849974	78,924743	76,567209	74,327239	71,361224	23,013689	23,339216
13,000000	63,325000	120,471796	122,933768	122,291075	116,953296	94,482173	88,726039	78,596924	76,252443	73,962687	71,101444	23,023268	23,360642
14,000000	63,325000	121,121476	123,539798	122,796159	117,278804	94,494563	88,608550	78,028554	75,991988	73,699765	70,686964	23,035493	23,372476
15,000000	63,325000	121,749362	124,118327	123,277962	117,573193	94,475810	88,461458	77,601997	75,686155	73,365982	70,167315	23,074889	23,379421
16,000000	63,325000	122,462280	124,768391	123,833828	117,943065	94,493335	88,321367	77,312440	75,323006	72,983058	69,611566	23,064462	23,379974
17,000000	63,325000	123,084619	125,319465	124,300701	118,239918	94,479852	88,180580	76,917406	75,009658	72,695129	69,226990	23,077609	23,343367
18,000000	63,325000	123,697360	125,874664	124,762988	118,537745	94,481543	88,045117	76,739866	74,754936	72,358094	68,927421	23,064333	23,364169
19,000000	63,325000	124,306132	126,418986	125,217091	118,845167	94,483809	87,910041	76,513700	74,487238	72,034533	68,642858	23,083894	23,410290
20,000000	63,325000	124,896484	126,944720	125,658092	119,135262	94,466649	87,768641	76,201476	74,237590	71,698746	68,367317	23,076709	23,411752
21,000000	63,325000	125,577951	127,546416	126,151559	119,470487	94,449818	87,608781	75,834983	73,894944	71,362679	68,000475	23,072215	23,446449
22,000000	63,325000	126,165149	128,063124	126,583436	119,753567	94,450394	87,478221	75,576184	73,606022	71,024899	67,627641	23,100277	23,457017
23,000000	63,325000	126,740160	128,568040	126,993939	120,025222	94,430572	87,330964	75,359943	73,273248	70,706795	67,360354	23,071272	23,488322
24,000000	63,325000	127,311852	129,062500	127,402337	120,296944	94,418694	87,188754	75,237498	73,072025	70,437389	67,151779	23,051082	23,438979
25,000000	63,325000	127,890529	129,562007	127,815437	120,568133	94,408112	87,051541	74,925069	72,852143	70,202322	66,963092	23,044630	23,378930
26,000000	63,325000	128,530884	130,114797	128,263922	120,868812	94,386477	86,896625	74,522142	72,618701	69,915692	66,563970	23,068002	23,395059
27,000000	63,325000	129,096433	130,602449	128,645877	121,123217	94,366691	86,754994	74,215493	72,327772	69,695109	66,148335	23,080341	23,433043
28,000000	63,325000	129,658542	131,073870	129,034358	121,370214	94,353012	86,617987	73,981043	72,057446	69,429229	65,790873	23,079694	23,438935
29,000000	63,325000	130,223964	131,546318	129,420115	121,619462	94,337617	86,484681	73,760283	71,789792	69,087463	65,509928	23,054914	23,390429
30,000000	63,325000	130,786246	132,011168	129,794600	121,866842	94,327966	86,348508	73,421569	71,543313	68,755834	65,241529	23,054505	23,374728
31,000000	63,325000	131,421191	132,534153	130,217765	122,143400	94,295349	86,199485	73,248041	71,240100	68,476592	64,863761	23,058742	23,374335
32,000000	63,325000	131,990582	133,003623	130,587146	122,384152	94,284274	86,074671	72,988702	71,055857	68,191912	64,561820	23,053049	23,343676
33,000000	63,325000	132,565297	133,465083	130,955221	122,633575	94,264376	85,939705	72,792737	70,797581	67,909443	64,326641	23,060028	23,341054
34,000000	63,325000	133,131145	133,924917	131,315114	122,866987	94,245672	85,811014	72,604819	70,551178	67,672235	64,094874	23,070155	23,360695
35,000000	63,325000	133,683225	134,379953	131,666533	123,105841	94,212129	85,672673	72,324262	70,350790	67,399936	63,837213	23,073742	23,363784
36,000000	63,325000	134,325008	134,904815	132,084568	123,384998	94,195161	85,531050	72,031933	70,080270	67,108931	63,581752	23,066594	23,369869
37,000000	63,325000	134,881027	135,373574	132,439880	123,635785	94,168952	85,395598	71,842462	69,816542	66,842735	63,302560	23,063187	23,354038
38,000000	63,325000	135,431022	135,848686	132,802273	123,883286	94,137789	85,257425	71,551724	69,561988	66,576283	62,916646	23,057834	23,356068
39,000000	63,325000	135,980544	136,327964	133,170687	124,134926	94,115063	85,138187	71,267751	69,299907	66,346524	62,575195	23,067742	23,377478
40,000000	63,325000	136,524820	136,810400	133,535732	124,384402	94,093113	85,003342	71,170892	69,113975	66,089640	62,282699	23,070623	23,365790
41,000000	63,325000	137,150562	137,370593	133,961091	124,679069	94,069321	84,868188	70,836477	68,835737	65,778401	62,001310	23,052313	23,383931
42,000000	63,325000	137,686101	137,863491	134,341277	124,910188	94,031862	84,730353	70,737303	68,619240	65,498107	61,851518	23,061484	23,375201
43,000000	63,325000	138,230915	138,357178	134,725574	125,153459	94,006980	84,609001	70,563554	68,420950	65,285244	61,788115	23,051853	23,359956
44,000000	63,325000	138,780934	138,855888	135,115870	125,394490	93,991226	84,491238	70,279459	68,238148	65,078089	61,614287	23,051453	23,362959
45,000000	63,325000	139,313564	139,342014	135,495633	125,619564	93,954028	84,356631	70,048562	68,018931	64,816953	61,347514	23,040078	23,381608
46,000000	63,325000	139,917892	139,896992	135,940340	125,882279	93,927274	84,208412	69,925104	67,775050	64,494592	61,005703	23,034381	23,372359
47,000000	63,325000	140,465687	140,388711	136,335186	126,120630	93,909504	84,093516	69,608562	67,563912	64,310615	60,777027	23,072327	23,395060
48,000000	63,325000	140,994404	140,866902	136,715011	126,340460	93,870625	83,961793	69,358946	67,367543	64,063370	60,522126	23,060809	23,410199
49,000000	63,325000	141,529719	141,345378	137,094476	126,572559	93,841753	83,837765	69,073906	67,109994	63,903648	60,279286	23,068574	23,406375
50,000000	63,325000	142,045886	141,809680	137,480167	126,797090	93,803191	83,703242	68,770129	66,838404	63,693061	60,019269	23,079994	23,401805
51,000000	63,325000	142,654561	142,361128	137,916375	127,063105	93,776196	83,574617	68,591017	66,624030	63,400272	59,741096	23,117376	23,419625
52,000000	63,325000	143,180567	142,833921	138,303946	127,282747	93,747108	83,444857	68,329236	66,367742	63,143251	59,435001	23,092651	23,435557
53,000000	63,325000	143,709308	143,310018	138,692067	127,511113	93,717807	83,332461	68,085695	66,105532	62,866620	59,095680	23,114857	23,459621
54,000000	63,325000	144,235388	143,780152	139,073872	127,728094	93,686794	83,204150	67,892156	65,863769	62,595970	58,769872	23,124033	23,437173
55,000000	63,325000	144,769465	144,260633	139,460657	127,961664	93,663923	83,084107	67,714361	65,696803	62,324686	58,505431	23,134054	23,473566
56,000000	63,325000	145,359558	144,796589	139,902678	128,215404	93,628571	82,946603	67,553326	65,436367	61,953447	58,261529	23,114541	23,467945
57,000000	63,325000	145,875288	145,256584	140,285054	128,435734	93,596278	82,812051	67,137182	65,177437	61,657360	57,995087	23,073761	23,417140
58,000000	63,325000	146,398831	145,730565	140,673255	128,667744	93,570293	82,697351	66,889684	64,918536	61,504882	57,812938	23,069208	23,412170
59,000000	63,325000	146,923076	146,193125	141,055884	128,898156	93,532233	82,575852	66,709963	64,672484	61,318169	57,548727	23,074717	23,419395
60,000000	63,325000	147,441618	146,657972	141,442154	129,127176	93,506935	82,464695	66,507791	64,487696	61,073237	57,229074	23,071870	23,443312
61,000000	63,325000	148,040256	147,181929	141,877022	129,388356	93,461980	82,311150	66,322241	64,268627	60,740440	56,970976	23,073294	23,430856
62,000000	63,325000	148,558035	147,642665	142,256431	129,638480	93,439700	82,197239	66,248350	64,059840	60,464592	56,841996	23,040703	23,336003
63,000000	63,325000	149,078326	148,097980	142,638220	129,867394	93,412557	82,074446	65,966728	63,811131	60,250015	56,663371	23,031384	23,294300
64,000000	63,325000	149,595406	148,556734	143,010764	130,097946	93,381312	81,952014	65,719596	63,558695	60,084607	56,497212	23,025860	23,292488
65,000000	63,325000	150,115734	149,011745	143,386947	130,343423	93,363331	81,844249	65,447252	63,342521	59,854908	56,266608	23,030731	23,314680
66,000000	63,325000	150,705988	149,526592	143,813290	130,610068	93,314573	81,703383	65,202942	63,060603	59,517587	55,964229	23,048067	23,325122
67,000000	63,325000	151,217971	149,979080	144,188427	130,844717	93,288748	81,581616	64,889175	62,820750	59,276621	55,734658	23,044533	23,371568
68,000000	63,325000	151,730325	150,439279	144,564633	131,087828	93,262255	81,459945	64,691910	62,626479	59,070455	55,499510	23,058860	23,384739
69,000000	63,325000	152,238644	150,884248	144,927115	131,319855	93,230824	81,327557	64,488636	62,449853	58,839580	55,250084	23,049199	23,381738
70,000000	63,325000	152,768457	151,347642	145,313003	131,566058	93,219648	81,216970	64,354547	62,243924	58,545191	55,008285	23,057770	23,376690
71,000000	63,325000	153,358792	151,868576	145,738465	131,844604	93,181206	81,064701	64,208364	62,042568	58,217596	54,816972	23,057851	23,341707
72,000000	63,325000	153,875559	152,328787	146,104065	132,088018	93,152565	80,935835	64,028284	61,770453	57,985008	54,662468	23,048325	23,349815
73,000000	63,325000	154,396643	152,795273	146,480645	132,332233	93,130025	80,802935	63,797879	61,556844	57,726035	54,497746	23,071147	23,392084
74,000000	63,325000	154,926439	153,264267	146,866583	132,577982	93,110939	80,684054	63,590201	61,338979	57,468769	54,277886	23,081368	23,378478
75,000000	63,325000	155,440274	153,712906	147,235028	132,820060	93,079821	80,549097	63,361615	61,117838	57,249093	54,136472	23,055737	23,357261
76,000000	63,325000	156,042755	154,248741	147,659086	133,094039	93,045151	80,404105	63,068469	60,845885	57,057460	53,917851	23,061201	23,349223
77,000000	63,325000	156,550883	154,713967	148,031855	133,325345	93,007279	80,270965	62,853098	60,627436	56,795766	53,647003	23,052718	23,348546
78,000000	63,325000	157,081413	155,184853	148,412737	133,578180	92,988550	80,151704	62,558814	60,411932	56,580968	53,403423	23,069825	23,393171
79,000000	63,325000	157,604765	155,653036	148,789384	133,823255	92,960726	80,017904	62,305801	60,156148	56,376145	53,186274	23,069773	23,399085
80,000000	63,325000	158,145424	156,144957	149,183605	134,081304	92,939961	79,906066	62,107811	59,905065	56,219413	52,972827	23,070301	23,368527
81,000000	63,325000	158,742251	156,681993	149,614513	134,354064	92,898106	79,759905	61,855214	59,671143	56,010547	52,698775	23,071018	23,377044
82,000000	63,325000	159,271627	157,150562	150,002173	134,598403	92,865373	79,629659	61,606402	59,470939	55,769989	52,468990	23,091533	23,401942
83,000000	63,325000	159,798443	157,636432	150,395658	134,846363	92,843126	79,507908	61,297095	59,207890	55,518718	52,216251	23,096531	23,453925
84,000000	63,325000	160,327021	158,123505	150,782134	135,099651	92,813336	79,392876	61,216085	59,011792	55,243930	51,968277	23,105689	23,482074
85,000000	63,325000	160,870079	158,610273	151,181156	135,360994	92,795339	79,276463	61,115381	58,828739	55,011822	51,811081	23,129518	23,460355
86,000000	63,325000	161,469508	159,150304	151,635230	135,645280	92,764846	79,142376	60,769312	58,576290	54,760108	51,659780	23,131084	23,430343
87,000000	63,325000	161,998903	159,641672	152,024852	135,905750	92,739611	79,019997	60,478689	58,303245	54,549307	51,419401	23,108715	23,429895
88,000000	63,325000	162,526713	160,119974	152,416836	136,162564	92,713493	78,897729	60,265556	58,053700	54,316501	51,186470	23,084035	23,426069
89,000000	63,325000	163,050836	160,615030	152,811368	136,423215	92,689679	78,778099	60,016453	57,806929	54,090804	50,987585	23,109041	23,432591
90,000000	63,325000	163,586627	161,100408	153,215708	136,695033	92,673880	78,676164	59,824203	57,612665	53,882694	50,760254	23,127899	23,446045
91,000000	63,325000	164,188679	161,659683	153,669136	136,991383	92,641519	78,532296	59,561950	57,377635	53,645137	50,530470	23,108961	23,443525
92,000000	63,325000	164,715586	162,145956	154,081131	137,255919	92,631972	78,428667	59,427572	57,140859	53,420905	50,410072	23,217959	23,487461
93,000000	63,325000	165,234176	162,632100	154,495125	137,524848	92,611461	78,309983	59,142403	56,840391	53,182197	50,233205	23,168319	23,494696
94,000000	63,325000	165,766634	163,123906	154,899247	137,800022	92,598265	78,206116	59,001682	56,606522	52,920965	49,945053	23,118392	23,453328
95,000000	63,325000	166,297312	163,618630	155,306703	138,075285	92,586813	78,100480	58,931915	56,358395	52,662130	49,718488	23,082822	23,442558
96,000000	63,325000	166,886292	164,168147	155,769934	138,382882	92,554398	77,979623	58,685735	56,140629	52,353355	49,492463	23,038574	23,394252
97,000000	63,325000	167,418050	164,671338	156,185707	138,664882	92,557579	77,879510	58,434050	55,942636	52,098078	49,313599	23,036191	23,379980
98,000000	63,325000	167,950706	165,167048	156,605401	138,949970	92,553627	77,777289	58,273689	55,766853	51,867071	49,130337	23,023520	23,360091
99,000000	63,325000	168,471182	165,647547	157,014183	139,226890	92,548432	77,663487	58,040807	55,596129	51,655139	48,902253	23,023510	23,356831
100,000000	63,325000	169,000136	166,139234	157,437843	139,515441	92,552076	77,573908	57,755586	55,336033	51,439731	48,736658	23,046319	23,349838
101,000000	63,325000	169,578940	166,692291	157,899151	139,828402	92,537524	77,436681	57,657541	55,151379	51,159505	48,469209	23,023402	23,281580
102,000000	63,325000	170,101584	167,182333	158,312842	140,107968	92,538035	77,345387	57,447071	54,907498	50,949228	48,319812	22,999063	23,249948
103,000000	63,325000	170,624003	167,664316	158,730066	140,388599	92,543390	77,245148	57,245482	54,714846	50,752843	48,156383	22,999148	23,238560
104,000000	63,325000	171,141780	168,144587	159,146556	140,668212	92,549106	77,145872	57,053273	54,468781	50,551556	47,955027	22,997784	23,235055
105,000000	63,325000	171,652656	168,636480	159,554333	140,950941	92,557703	77,047685	56,940161	54,248941	50,354933	47,723424	23,001113	23,218914
106,000000	63,325000	172,240932	169,189116	160,029441	141,285732	92,573644	76,946814	56,753151	54,007668	50,102400	47,558611	22,986176	23,200962
107,000000	63,325000	172,744694	169,678516	160,442634	141,560692	92,579020	76,840415	56,479504	53,809469	49,894518	47,386658	22,990227	23,175864
108,000000	63,325000	173,255199	170,155920	160,851918	141,846669	92,599495	76,747026	56,259147	53,665744	49,719449	47,181155	22,964018	23,151693
109,000000	63,325000	173,760654	170,629376	161,268042	142,124632	92,613349	76,660033	56,033473	53,435285	49,545297	46,971887	22,972251	23,174037
110,000000	63,325000	174,272713	171,108560	161,687186	142,419382	92,646469	76,578666	55,879517	53,206806	49,346188	46,767079	22,999249	23,192648
111,000000	63,325000	174,840362	171,652312	162,147013	142,746529	92,681140	76,480924	55,661429	53,037632	49,182321	46,527400	23,018506	23,232474
112,000000	63,325000	175,346396	172,134616	162,566938	143,036436	92,717604	76,399359	55,534922	52,876484	49,029991	46,368264	23,025720	23,242783
113,000000	63,325000	175,847987	172,598723	162,973124	143,322976	92,754082	76,322070	55,342059	52,674611	48,828398	46,219240	23,010195	23,233309
114,000000	63,325000	176,342997	173,070103	163,383041	143,614060	92,792879	76,245531	55,168714	52,482084	48,605120	46,065982	22,991326	23,181628
115,000000	63,325000	176,856276	173,541117	163,794868	143,916235	92,842222	76,189183	54,981210	52,294430	48,374739	45,893072	22,978111	23,169108
116,000000	63,325000	177,421028	174,069162	164,256787	144,248824	92,890146	76,101810	54,786524	52,046150	48,117049	45,704827	22,961578	23,111801
117,000000	63,325000	177,919442	174,545073	164,672389	144,553200	92,953307	76,049510	54,641231	51,820390	47,896771	45,515450	22,952567	23,069583
118,000000	63,325000	178,413399	175,004047	165,078691	144,849842	93,009292	75,988026	54,394196	51,594000	47,710370	45,317647	22,943092	23,086358
119,000000	63,325000	178,906141	175,466273	165,489893	145,148607	93,065534	75,937048	54,257887	51,377633	47,546316	45,130587	22,940754	23,100931
120,000000	63,325000	179,394245	175,928732	165,893425	145,442799	93,124376	75,886298	54,036258	51,196511	47,320543	44,925297	22,927946	23,105727
121,000000	63,325000	179,948773	176,451971	166,357838	145,798004	93,209066	75,831868	53,742272	50,965219	47,067401	44,671289	22,928932	23,109428
122,000000	63,325000	180,427790	176,906893	166,754972	146,090479	93,262189	75,786469	53,561773	50,703013	46,882128	44,463469	22,966124	23,166841
123,000000	63,325000	180,918635	177,361289	167,162116	146,400859	93,334283	75,746709	53,384731	50,461129	46,691018	44,325706	23,001948	23,232409
124,000000	63,325000	181,411893	177,818742	167,573307	146,716954	93,418307	75,722626	53,322171	50,292265	46,502164	44,173970	22,999527	23,212011
125,000000	63,325000	181,898162	178,276688	167,985337	147,026318	93,501054	75,691090	53,193941	50,140780	46,323179	43,991084	22,990027	23,183391
126,000000	63,325000	182,440141	178,787583	168,436260	147,376420	93,581295	75,663482	53,032966	49,900351	46,067891	43,753364	22,979288	23,203487
127,000000	63,325000	182,930671	179,242462	168,845926	147,696965	93,663753	75,644888	52,901268	49,691007	45,863364	43,570910	22,950286	23,156901
128,000000	63,325000	183,411263	179,692647	169,246489	148,011117	93,747005	75,632459	52,807667	49,536517	45,660081	43,437280	22,920217	23,110319
129,000000	63,325000	183,891180	180,146485	169,650113	148,324265	93,832914	75,625492	52,579602	49,379209	45,489008	43,331930	22,935614	23,132290
130,000000	63,325000	184,368466	180,593289	170,056186	148,639218	93,925925	75,610735	52,417579	49,149613	45,289293	43,171239	22,905080	23,063011
131,000000	63,325000	184,900904	181,092975	170,504302	148,993873	94,026361	75,593723	52,136688	48,915237	45,011987	42,942472	22,903907	23,082729
132,000000	63,325000	185,380539	181,536003	170,913306	149,316942	94,117667	75,584903	52,029691	48,737371	44,831738	42,774896	22,942603	23,144096
133,000000	63,325000	185,859829	181,985570	171,313346	149,632234	94,218102	75,582087	51,929050	48,552323	44,677523	42,608324	22,928239	23,140832
134,000000	63,325000	186,325721	182,428968	171,707057	149,946291	94,322544	75,575407	51,733939	48,381749	44,519749	42,446120	22,944193	23,180420
135,000000	63,325000	186,788176	182,862928	172,103151	150,255492	94,420403	75,571975	51,647958	48,194502	44,319320	42,330311	22,940389	23,155846
136,000000	63,325000	187,316965	183,371298	172,555606	150,619175	94,536011	75,569086	51,513207	47,978107	44,099302	42,130688	22,934088	23,156548
137,000000	63,325000	187,778670	183,802120	172,949453	150,936467	94,644068	75,572022	51,314127	47,756173	43,937079	41,980086	22,934769	23,138026
138,000000	63,325000	188,247734	184,237743	173,349618	151,258082	94,757325	75,589210	51,188796	47,617017	43,760715	41,786836	22,951952	23,180945
139,000000	63,325000	188,706297	184,669978	173,746581	151,572019	94,867332	75,595506	51,015158	47,468486	43,581785	41,588936	22,963639	23,181036
140,000000	63,325000	189,162351	185,109448	174,137167	151,885918	94,972358	75,594218	50,824489	47,279329	43,410960	41,430331	22,952467	23,134485
141,000000	63,325000	189,681104	185,599041	174,580914	152,248834	95,099249	75,606591	50,697508	47,067045	43,187692	41,230510	22,892648	23,073350
142,000000	63,325000	190,137399	186,023108	174,970010	152,563484	95,216919	75,621758	50,528444	46,908766	43,004916	41,064941	22,898613	23,070589
143,000000	63,325000	190,601989	186,456217	175,367603	152,878375	95,327069	75,633249	50,450204	46,744741	42,861635	40,939878	22,891912	23,060676
144,000000	63,325000	191,051162	186,879554	175,750660	153,192813	95,435904	75,633710	50,322604	46,578377	42,680133	40,776312	22,888610	23,039622
145,000000	63,325000	191,495336	187,297476	176,135526	153,494470	95,552037	75,645564	50,232805	46,426293	42,487651	40,630668	22,897757	23,064912
146,000000	63,325000	192,014899	187,793731	176,569358	153,855916	95,681450	75,668958	50,098862	46,247409	42,281003	40,478147	22,925582	23,086682
147,000000	63,325000	192,453718	188,211823	176,949895	154,160723	95,797195	75,686076	49,904510	46,069008	42,100315	40,320809	22,910947	23,102660
148,000000	63,325000	192,907232	188,634317	177,331286	154,481841	95,921768	75,702956	49,796199	45,935084	41,969686	40,173167	22,905311	23,105519
149,000000	63,325000	193,354207	189,048851	177,711618	154,788999	96,041978	75,721533	49,623241	45,755182	41,830558	40,023344	22,911904	23,110656
150,000000	63,325000	193,787218	189,457947	178,090667	155,091506	96,156702	75,737970	49,572290	45,605930	41,660807	39,876116	22,877046	23,073899
151,000000	63,325000	194,306213	189,943180	178,523674	155,453792	96,299601	75,765307	49,447728	45,433693	41,511241	39,723278	22,883833	23,073452
152,000000	63,325000	194,755170	190,366691	178,914178	155,763241	96,428710	75,793573	49,380592	45,311995	41,377059	39,560586	22,870324	23,053253
153,000000	63,325000	195,185026	190,777437	179,284585	156,063601	96,549041	75,810180	49,340787	45,210596	41,206645	39,393954	22,860385	23,052693
154,000000	63,325000	195,617087	191,181917	179,656594	156,374128	96,675317	75,834030	49,242258	45,077233	41,048369	39,251200	22,866452	23,042725
155,000000	63,325000	196,043285	191,591493	180,019376	156,675885	96,786751	75,856557	49,122119	44,914347	40,871413	39,088413	22,837803	22,982440
156,000000	63,325000	196,545870	192,066555	180,451026	157,015295	96,937580	75,903740	48,994278	44,769729	40,722017	38,949962	22,790649	22,903075
157,000000	63,325000	196,977919	192,463497	180,820170	157,318662	97,067894	75,929667	48,896532	44,604494	40,569401	38,835912	22,764426	22,844203
158,000000	63,325000	197,409332	192,868625	181,186170	157,624236	97,185363	75,953031	48,837035	44,492839	40,451604	38,743415	22,729538	22,776055
159,000000	63,325000	197,840429	193,280870	181,558736	157,922997	97,321521	75,987027	48,705467	44,377104	40,356282	38,664287	22,750733	22,833196
160,000000	63,325000	198,264181	193,671931	181,915183	158,225015	97,442482	76,017860	48,636774	44,261962	40,224628	38,544119	22,795668	22,921411
161,000000	63,325000	198,754142	194,132756	182,328903	158,556174	97,580709	76,044848	48,614230	44,152176	40,077830	38,387482	22,762420	22,893302
162,000000	63,325000	199,187628	194,536501	182,701951	158,867911	97,715661	76,101385	48,572564	44,073760	39,956282	38,285619	22,736469	22,888218
163,000000	63,325000	199,614763	194,935944	183,056236	159,161343	97,842833	76,136690	48,479670	43,948311	39,828844	38,190052	22,736075	22,812566
164,000000	63,325000	200,034108	195,331922	183,412332	159,457409	97,966569	76,170736	48,366253	43,826559	39,702463	38,080576	22,714308	22,813543
165,000000	63,325000	200,457604	195,727868	183,776045	159,751321	98,105993	76,217226	48,299683	43,709722	39,593319	37,950483	22,768523	22,931857
166,000000	63,325000	200,940610	196,181563	184,172695	160,087950	98,255398	76,263719	48,159598	43,567355	39,493241	37,804577	22,816211	23,010220
167,000000	63,325000	201,347908	196,560452	184,530299	160,374632	98,382373	76,301802	48,128006	43,476619	39,405870	37,706924	22,800112	23,002202
168,000000	63,325000	201,763104	196,955419	184,886918	160,667401	98,513931	76,345915	48,059272	43,392672	39,287272	37,596015	22,832129	23,040519
169,000000	63,325000	202,187396	197,355207	185,242036	160,957444	98,646996	76,400871	48,024948	43,345204	39,168877	37,478774	22,834038	23,046138
170,000000	63,325000	202,605491	197,739186	185,593123	161,250215	98,781718	76,450385	47,971977	43,258987	39,068689	37,363311	22,856518	23,095849
171,000000	63,325000	203,074917	198,179730	185,996395	161,581725	98,930404	76,501989	47,928446	43,204179	38,949072	37,228088	22,821841	22,975053
172,000000	63,325000	203,487211	198,565681	186,340492	161,867328	99,066137	76,552884	47,813628	43,093860	38,856923	37,164715	22,783182	22,842210
173,000000	63,325000	203,892977	198,946845	186,686286	162,151174	99,200298	76,596304	47,788682	42,996357	38,753034	37,074446	22,732569	22,813310
174,000000	63,325000	204,301099	199,331563	187,032835	162,437786	99,332900	76,651823	47,814192	42,914481	38,655272	36,981705	22,756432	22,923330
175,000000	63,325000	204,702529	199,713516	187,381167	162,712078	99,471472	76,693936	47,735875	42,869095	38,553769	36,921203	22,804689	23,001458
176,000000	63,325000	205,161749	200,153459	187,775537	163,043914	99,622187	76,747923	47,621421	42,762211	38,438918	36,743978	22,804413	22,984727
177,000000	63,325000	205,570307	200,533616	188,124639	163,331628	99,762949	76,808104	47,599933	42,678953	38,356049	36,655208	22,789674	22,961996
178,000000	63,325000	205,969634	200,912715	188,462706	163,611340	99,893725	76,860410	47,474109	42,594140	38,273654	36,575243	22,768180	22,957427
179,000000	63,325000	206,361643	201,287736	188,797224	163,889748	100,027533	76,911237	47,415593	42,492704	38,192881	36,476668	22,754853	22,966682
180,000000	63,325000	206,762389	201,664791	189,141079	164,166486	100,171172	76,967255	47,410877	42,441662	38,096075	36,366945	22,751941	22,965877
181,000000	63,325000	207,215187	202,085243	189,516618	164,486472	100,313161	77,025626	47,372820	42,331452	37,955594	36,211638	22,726352	22,946001
182,000000	63,325000	207,618952	202,463972	189,863494	164,765032	100,460570	77,087236	47,331633	42,274422	37,888192	36,127277	22,718123	22,893225
183,000000	63,325000	208,014395	202,839770	190,198420	165,039172	100,600632	77,150437	47,278218	42,239840	37,822762	36,036661	22,699876	22,818754
184,000000	63,325000	208,406038	203,206521	190,530619	165,316369	100,735742	77,204744	47,261738	42,185817	37,731033	35,950783	22,705000	22,841907
185,000000	63,325000	208,795030	203,566086	190,862266	165,592150	100,871994	77,257725	47,204011	42,077673	37,637291	35,885540	22,733124	22,893218
186,000000	63,325000	209,238242	203,981057	191,242069	165,904900	101,025639	77,324098	47,160878	41,980685	37,537579	35,847663	22,738485	22,912088
187,000000	63,325000	209,630714	204,352333	191,569771	166,177300	101,162060	77,389407	47,118224	41,932940	37,465713	35,745625	22,724291	22,895488
188,000000	63,325000	210,028108	204,718606	191,898813	166,451956	101,302307	77,450145	47,008582	41,838486	37,380178	35,624120	22,704528	22,872670
189,000000	63,325000	210,401819	205,064571	192,163361	166,709727	101,438338	77,513415	46,947814	41,739659	37,265565	35,502648	22,670288	22,815626
190,000000	63,325000	210,678846	205,350603	192,274372	166,909212	101,569570	77,567600	46,882790	41,655982	37,166828	35,368649	22,629857	22,749327
191,000000	63,325000	210,843717	205,559059	192,251451	167,044181	101,730968	77,644553	46,882613	41,600947	37,091411	35,272478	22,679560	22,785351
192,000000	63,325000	210,863755	205,611144	192,117373	167,069541	101,859771	77,698617	46,843751	41,523193	36,999495	35,171379	22,667614	22,831482
193,000000	63,325000	210,812849	205,585401	191,921873	167,046109	101,996505	77,770603	46,845697	41,464715	36,923529	35,077292	22,738991	22,932495
194,000000	63,325000	210,690466	205,477697	191,670513	166,950128	102,128233	77,828310	46,816786	41,445486	36,851623	34,995339	22,705985	22,900689
195,000000	63,325000	210,527415	205,309302	191,377982	166,806298	102,242844	77,886552	46,763183	41,402394	36,789166	34,920177	22,633086	22,819208
196,000000	63,325000	210,306267	205,039326	191,000848	166,600301	102,387757	77,969311	46,754325	41,325907	36,700919	34,820991	22,639350	22,718387
197,000000	63,325000	210,071607	204,740220	190,637212	166,367782	102,496989	78,019712	46,730526	41,262525	36,590407	34,722529	22,617538	22,708984
198,000000	63,325000	209,823920	204,422078	190,263152	166,127634	102,599906	78,083956	46,693248	41,197056	36,521158	34,666239	22,632872	22,718111
199,000000	63,325000	209,551573	204,061414	189,870762	165,854535	102,702811	78,145486	46,674103	41,154290	36,450263	34,627873	22,663171	22,728879
200,000000	63,325000	209,261363	203,674931	189,454232	165,566124	102,791728	78,194554	46,724309	41,132544	36,393476	34,545507	22,654337	22,662991
201,000000	63,325000	208,907237	203,202868	188,972238	165,198769	102,878060	78,258007	46,639425	41,081528	36,308248	34,392585	22,615355	22,627917
202,000000	63,325000	208,599201	202,784551	188,547992	164,887106	102,966759	78,317693	46,496601	40,946431	36,204911	34,303869	22,635347	22,663455
203,000000	63,325000	208,275054	202,342335	188,112449	164,551437	103,028607	78,374101	46,488312	40,863849	36,131961	34,229592	22,636324	22,736495
204,000000	63,325000	207,935398	201,882324	187,663611	164,210821	103,089047	78,422531	46,482656	40,816282	36,061892	34,150126	22,651337	22,733204
205,000000	63,325000	207,581375	201,417873	187,218097	163,866070	103,163405	78,478013	46,536790	40,777509	36,000659	34,058141	22,670628	22,759422
206,000000	63,325000	207,177561	200,879837	186,720266	163,468039	103,205371	78,449554	46,489840	41,169450	35,878527	34,014928	22,676783	22,822119
207,000000	63,325000	206,807696	200,420004	186,272414	163,122582	103,131116	77,159471	47,110756	42,598916	35,882258	34,088643	22,672643	22,904413
208,000000	63,325000	206,440189	199,939163	185,821576	162,757636	102,548637	73,288875	48,258438	42,668335	36,134601	34,215444	22,682793	22,947970
209,000000	63,325000	206,070948	199,460565	185,338614	162,289322	101,054974	69,779557	48,358630	42,390494	36,656550	34,557613	22,702754	22,972549
210,000000	63,325000	205,706100	198,965476	184,573420	161,664394	99,446592	68,085115	48,063389	42,479615	37,335952	35,143788	22,722153	23,003685
211,000000	63,325000	205,265908	197,965660	183,510778	160,855773	98,260041	67,830375	48,318906	43,005833	38,372545	36,217314	22,722362	22,995819
212,000000	63,325000	204,807218	196,893543	182,595415	160,133395	97,688458	68,260624	48,680706	43,712345	39,336884	37,261992	22,722585	23,051986
213,000000	63,325000	204,044900	195,807865	181,683150	159,405040	97,341499	68,878485	49,005384	44,341371	40,253654	38,176800	22,716751	23,070874
214,000000	63,325000	202,997019	194,707022	180,755655	158,662338	97,115606	69,483443	49,262894	44,908936	40,991255	38,972189	22,700796	23,066485
215,000000	63,325000	201,815848	193,587696	179,824151	157,916415	96,955050	70,032417	49,504466	45,425046	41,622188	39,820909	22,700342	23,098744
216,000000	63,325000	200,292285	192,289961	178,741388	157,042104	96,819265	70,581830	50,003329	46,040429	42,370383	40,893971	22,710882	23,103995
217,000000	63,325000	198,837294	191,140688	177,782570	156,272681	96,721502	71,014063	50,406006	46,592519	43,066563	41,927271	22,693877	23,068602
218,000000	63,325000	197,268969	189,977945	176,823409	155,506799	96,622149	71,389318	50,712815	47,042452	43,754947	42,897404	22,700469	23,105680
219,000000	63,325000	195,615230	188,809730	175,865248	154,730969	96,541588	71,760411	51,164750	47,580637	44,421295	43,862140	22,700678	23,107917
220,000000	63,325000	193,877369	187,618893	174,898219	153,952621	96,445195	72,082795	51,643390	48,155753	45,174217	44,864140	22,703444	22,993098
221,000000	63,325000	191,829993	186,251720	173,799166	153,096283	96,360442	72,453924	52,257033	48,809691	46,041302	45,998601	22,691757	23,034228
222,000000	63,325000	189,999496	185,024385	172,822889	152,322940	96,260021	72,730120	52,751343	49,435646	46,765862	46,864826	22,677606	23,032523
223,000000	63,325000	188,181649	183,800357	171,851415	151,559768	96,163235	72,985361	53,150176	49,964386	47,457405	47,709621	22,675857	22,965943
224,000000	63,325000	186,377587	182,578893	170,896865	150,815434	96,057101	73,194987	53,654771	50,502737	48,114638	48,474328	22,664406	22,868391
225,000000	63,325000	184,577180	181,362069	169,945923	150,075144	95,926001	73,379982	54,156670	51,097680	48,760712	49,229217	22,634395	22,897991
226,000000	63,325000	182,540632	179,974518	168,850894	149,242171	95,764613	73,565608	54,740310	51,728132	49,584618	50,072891	22,630848	22,945577
227,000000	63,325000	180,760232	178,733949	167,890637	148,509441	95,612485	73,724451	55,242837	52,311911	50,259079	50,801792	22,620421	22,977825
228,000000	63,325000	178,994798	177,500914	166,933397	147,794859	95,466828	73,879768	55,807055	52,873395	50,926308	51,576944	22,629335	22,878121
229,000000	63,325000	177,234714	176,265049	165,974389	147,082643	95,316354	74,024180	56,272256	53,464719	51,585504	52,320423	22,654528	22,969966
230,000000	63,325000	175,469095	175,008589	165,007526	146,364338	95,164388	74,170379	56,722795	54,044870	52,239033	53,043063	22,652093	22,930413
231,000000	63,325000	173,482010	173,591300	163,916127	145,544093	94,998568	74,338020	57,270394	54,697695	52,997996	53,868010	22,632506	22,939314
232,000000	63,325000	171,765140	172,365768	162,958742	144,840853	94,857289	74,478222	57,740636	55,227400	53,637729	54,538192	22,623670	22,939056
233,000000	63,325000	170,066039	171,141246	162,009021	144,145392	94,735027	74,615464	58,230676	55,808841	54,231351	55,154893	22,619378	22,906174
234,000000	63,325000	168,354395	169,916673	161,061073	143,448481	94,611297	74,747361	58,672775	56,339305	54,881747	55,793862	22,607936	22,753902
235,000000	63,325000	166,633362	168,687554	160,109019	142,767733	94,507693	74,889122	59,093662	56,862604	55,519957	56,426912	22,592421	22,681842
236,000000	63,325000	164,649785	167,279466	159,032846	141,978416	94,394728	75,098301	59,567180	57,367314	56,097713	57,038007	22,576854	22,533265
237,000000	63,325000	162,866226	166,045103	158,079003	141,284639	94,289361	75,268045	59,962469	57,813572	56,617953	57,524646	22,556379	22,498156
238,000000	63,325000	161,035026	164,817231	157,136792	140,613357	94,192123	75,442899	60,339852	58,249069	57,101252	58,021961	22,546697	22,472803
239,000000	63,325000	159,124111	163,587719	156,206159	139,948253	94,068727	75,592954	60,941587	58,760004	57,609944	58,588084	22,525128	22,419317
240,000000	63,325000	157,090642	162,355366	155,275119	139,282145	93,916958	75,744805	61,542723	59,269982	58,149937	59,160216	22,498617	22,398011
241,000000	63,325000	154,582675	160,939670	154,226729	138,523561	93,773022	75,946167	63,349916	60,029321	58,882151	59,995943	22,528930	22,544058
242,000000	63,325000	152,234280	159,681839	153,319101	137,884611	93,696575	76,211813	66,141923	60,874359	59,648029	61,146118	22,547877	22,641558
243,000000	63,325000	149,450874	158,407789	152,409812	137,248170	93,671481	76,601208	68,100694	61,753702	60,364863	62,255744	22,541921	22,602590
244,000000	63,325000	145,496909	157,131020	151,498858	136,611927	93,634419	77,086299	69,342031	62,486275	61,085742	63,232942	22,529887	22,544212
245,000000	63,325000	140,019102	155,823671	150,596357	135,977402	93,532003	77,614447	70,350217	63,523531	61,911889	64,208777	22,511720	22,548531
246,000000	63,325000	132,045146	154,238409	149,564573	135,272478	93,379757	78,202022	71,141485	64,277043	62,858254	65,314641	22,532380	22,668073
247,000000	63,325000	124,803235	152,677893	148,647843	134,655447	93,184468	78,666253	71,931036	65,209328	63,616364	66,181206	22,541926	22,728659
248,000000	63,325000	118,460320	150,916378	147,710208	134,038381	92,984753	79,100811	72,315721	66,025985	64,417990	67,010000	22,564899	22,753766
249,000000	63,325000	112,641705	148,956092	146,753384	133,419857	92,817004	79,504076	72,784141	66,804142	65,232891	67,901294	22,550163	22,745162
250,000000	63,325000	107,264094	146,816081	145,758742	132,800823	92,711946	79,878076	73,351714	67,602825	66,136664	68,724149	22,565890	22,937530
251,000000	63,325000	101,990367	144,161610	144,571838	132,098798	92,686716	80,279676	74,034178	68,646892	67,184709	69,673436	22,582359	22,913197
252,000000	63,325000	98,187640	141,647259	143,484398	131,479278	92,731731	80,619911	74,252576	69,337463	68,063494	70,512944	22,586826	22,912495
253,000000	63,325000	95,580339	138,932478	142,329908	130,844237	92,780263	80,953486	74,265693	69,863060	68,715805	71,165011	22,565334	22,889257
254,000000	63,325000	93,884467	136,044083	141,136185	130,214387	92,832977	81,289511	74,426115	70,522436	69,333089	71,795025	22,566984	22,940429
255,000000	63,325000	92,411467	132,909445	139,878702	129,568561	92,951123	81,620614	74,668712	71,055341	69,996722	72,461670	22,561201	22,941542
256,000000	63,325000	91,071901	129,140389	138,359963	128,829453	93,110103	81,985381	74,969920	71,748115	70,733664	73,059227	22,575936	23,001307
257,000000	63,325000	89,739794	126,007053	136,953622	128,173582	93,202677	82,290938	74,855422	72,044506	71,175544	73,311199	22,576761	22,932747
258,000000	63,325000	89,428601	123,208386	135,478661	127,506270	93,281398	82,574889	74,970279	72,449975	71,654589	73,658335	22,563771	22,815805
259,000000	63,325000	88,710232	120,712614	133,982069	126,823477	93,324200	82,819014	75,250772	72,970560	72,134414	73,948757	22,551185	22,810424
260,000000	63,325000	88,583375	118,487978	132,465267	126,133748	93,382154	83,015174	75,456666	73,484759	72,601146	74,268220	22,563470	22,962367
261,000000	63,325000	87,940476	116,264395	130,755823	125,317453	93,423372	83,218220	75,698997	73,831731	73,026744	74,620485	22,577435	22,994424
262,000000	63,325000	87,109609	114,487947	129,276471	124,595319	93,485994	83,363456	75,587730	73,850540	73,212327	74,687508	22,581789	23,032983
263,000000	63,325000	86,703152	112,849019	127,836661	123,853864	93,472350	83,503640	75,417493	73,709991	73,296399	74,690113	22,605866	23,093805
264,000000	63,325000	86,566127	111,360290	126,427965	123,108553	93,390523	83,605211	75,410716	73,819485	73,247867	74,579550	22,606674	23,057460
265,000000	63,325000	86,307986	109,984002	125,059696	122,362766	93,293264	83,697859	75,565098	74,097792	73,533108	74,798924	22,591800	23,017080
266,000000	63,325000	86,088374	108,470895	123,537768	121,490974	93,179714	83,775533	75,802995	74,471676	73,936315	75,077631	22,596295	23,078467
267,000000	63,325000	86,300485	107,185326	122,247803	120,721361	93,110400	83,820324	75,891754	74,562764	74,097478	75,275237	22,588209	23,036183
268,000000	63,325000	85,902273	105,969148	121,000815	119,952193	93,063660	83,847883	75,793283	74,444110	74,098531	75,219847	22,584702	23,081498
269,000000	63,325000	86,115908	104,795012	119,784792	119,184919	92,985644	83,869127	75,794127	74,483243	74,136472	75,247199	22,581390	23,117829
270,000000	63,325000	86,509309	103,755714	118,604285	118,423634	92,877117	83,887081	75,846364	74,580628	74,107200	75,149563	22,602259	23,162047
271,000000	63,325000	86,143566	102,640424	117,296519	117,542038	92,711871	83,887282	76,010306	74,997925	74,527019	75,303578	22,599099	23,108853
272,000000	63,325000	86,037970	101,686338	116,193913	116,796694	92,555408	83,883588	76,184177	75,157404	74,732951	75,425902	22,600535	23,112927
273,000000	63,325000	85,861993	100,724238	115,123833	116,044842	92,392266	83,872593	76,216543	75,273691	74,846280	75,556245	22,600557	23,138084
274,000000	63,325000	85,660686	99,892948	114,078042	115,292896	92,207921	83,850196	76,274226	75,368325	74,991085	75,676262	22,586131	23,086219
275,000000	63,325000	85,612090	99,138628	113,082722	114,558997	92,033025	83,838908	76,292035	75,377390	75,111943	75,741034	22,601889	23,106973
276,000000	63,325000	85,758010	98,297399	111,960117	113,716358	91,811871	83,800430	76,112069	75,117451	75,014660	75,666188	22,599116	23,148389
277,000000	63,325000	85,632533	97,624988	111,029144	112,993305	91,628025	83,770698	75,994702	75,002196	74,760698	75,485981	22,604889	23,141148
278,000000	63,325000	85,312019	96,947943	110,120287	112,272867	91,449534	83,722890	76,141837	75,119068	74,750115	75,411455	22,598560	23,073765
279,000000	63,325000	85,310604	96,337564	109,222790	111,551682	91,261169	83,670372	76,262218	75,279653	74,901112	75,377586	22,591297	23,067276
280,000000	63,325000	85,318464	95,787009	108,350372	110,846081	91,068022	83,602435	76,073786	74,956363	74,702435	75,047056	22,585726	23,066991
281,000000	63,325000	85,240714	95,158779	107,390616	110,055379	90,830678	83,537010	76,139965	75,055030	74,665191	75,018874	22,589791	23,137620
282,000000	63,325000	85,120885	94,653152	106,574152	109,379809	90,600716	83,460148	76,113889	75,135737	74,790606	75,131101	22,602540	23,126408
283,000000	63,325000	84,989179	94,253618	105,783916	108,702114	90,331820	83,372891	76,019103	75,011333	74,820326	75,114308	22,589502	23,089280
284,000000	63,325000	84,869871	93,904807	105,013129	108,030518	90,033760	83,289213	75,923101	74,820579	74,665699	74,901208	22,588864	23,074182
