Iteração	Potencia	Cond 1	Cond 2	Cond 3	Cond 4	Cond 5	Cond 6	Cond 7	Cond 8	Cond 9	Cond 10	Liquido 1	Liquido 2	Liquido 3	Evap 1	Evap 2	Evap 3	Evap 4	Vapor 1	Vapor 2	Vapor 3	Tamb	Evap 3I	Evap 2I	
1,000000	0,000000	44,324486	48,651116	49,070217	48,232332	38,153841	37,992841	37,811250	34,526068	29,499258	27,055332	23,811389	-55839,961254
2,000000	0,000000	44,479274	48,753504	49,156690	48,305608	38,243832	38,085839	37,896415	34,676709	29,627878	27,137117	23,859325	-55841,556763
3,000000	0,000000	44,610413	48,849786	49,233311	48,352407	38,316784	38,154802	37,978315	34,811912	29,752158	27,203824	23,905011	-55840,828266
4,000000	0,000000	44,742693	48,943728	49,316786	48,407099	38,390365	38,239183	38,062133	34,961015	29,868305	27,279824	23,955079	-55840,804193
5,000000	0,000000	44,873412	49,033636	49,390979	48,462236	38,460357	38,317777	38,141348	35,115423	29,995905	27,345097	23,987491	-55840,655977
6,000000	0,000000	45,006331	49,152959	49,481705	48,523734	38,558991	38,409667	38,288257	35,295379	30,140520	27,453019	23,889609	-55840,064726
7,000000	0,000000	45,127598	49,244225	49,557337	48,580870	38,646829	38,497405	38,395034	35,466996	30,257658	27,531814	23,861303	-55840,031722
8,000000	0,000000	45,246355	49,340884	49,638318	48,635414	38,733942	38,584576	38,483520	35,640150	30,386066	27,608316	23,872554	-55840,165863
9,000000	0,000000	45,366524	49,448237	49,723620	48,689212	38,827100	38,679859	38,596718	35,814125	30,512919	27,697672	23,853706	-55841,337060
10,000000	0,000000	45,470383	49,539960	49,799257	48,719495	38,903528	38,762402	38,701392	35,993315	30,646580	27,783478	23,827115	-55840,679749
11,000000	0,000000	45,603340	49,646635	49,889418	48,744622	39,008084	38,875849	38,819854	36,186406	30,787813	27,870369	23,833296	-55840,305534
12,000000	0,000000	45,718329	49,743905	49,957864	48,754572	39,103740	38,969357	38,913148	36,368479	30,929272	27,972359	23,882717	-55840,765868
13,000000	0,000000	45,825946	49,840751	50,026402	48,755543	39,195964	39,062063	39,028967	36,564582	31,043891	28,057244	23,884720	-55840,340056
14,000000	0,000000	45,933139	49,934428	50,084453	48,753710	39,295821	39,164411	39,123032	36,758477	31,165809	28,133586	23,907532	-55839,823953
15,000000	0,000000	46,040392	50,033531	50,146796	48,757420	39,397904	39,270302	39,241512	36,961283	31,313521	28,211646	23,879628	-55841,317937
16,000000	0,000000	46,158200	50,130725	50,195759	48,741692	39,502508	39,374979	39,361512	37,169643	31,463887	28,317194	23,911023	-55840,094374
17,000000	0,000000	46,261510	50,217235	50,233611	48,721181	39,598631	39,475397	39,469701	37,352963	31,599744	28,402073	23,869194	-55840,409227
18,000000	0,000000	46,367571	50,306698	50,258399	48,711865	39,696893	39,572613	39,565180	37,533254	31,752182	28,494815	23,835266	-55840,277742
19,000000	0,000000	46,470301	50,380697	50,271170	48,690933	39,789227	39,666604	39,655660	37,716014	31,918103	28,603432	23,815104	-55839,469030
20,000000	0,000000	46,571127	50,451440	50,290852	48,668398	39,888599	39,768834	39,746654	37,891838	32,070522	28,713948	23,835906	-55839,400721
21,000000	0,000000	46,688469	50,537249	50,316425	48,654569	39,995884	39,883776	39,849663	38,082015	32,230012	28,823936	23,875149	-55839,128351
22,000000	0,000000	46,789981	50,614593	50,356586	48,657411	40,101889	39,986552	39,952927	38,261700	32,390797	28,916058	23,913170	-55840,744222
23,000000	0,000000	46,886007	50,683462	50,388662	48,669943	40,187585	40,080111	40,041208	38,409767	32,542971	29,013519	23,959038	-55840,161547
24,000000	0,000000	46,985912	50,750691	50,396716	48,706897	40,279930	40,173909	40,142143	38,558845	32,679962	29,104330	24,066921	-55839,969476
25,000000	0,000000	47,078277	50,815509	50,380209	48,747249	40,370620	40,261876	40,223874	38,711717	32,833658	29,195598	24,134916	-55839,134848
26,000000	0,000000	47,179292	50,875577	50,362868	48,796420	40,466385	40,376924	40,300049	38,871243	32,996900	29,311508	24,161743	-55837,941879
27,000000	0,000000	47,265411	50,919024	50,365681	48,848408	40,572787	40,475577	40,381587	39,022152	33,125380	29,412691	24,147251	-55839,111821
28,000000	0,000000	47,354184	50,958281	50,358121	48,888790	40,669663	40,566802	40,472126	39,177661	33,274219	29,517004	24,134080	-55838,877489
29,000000	0,000000	47,445233	50,987952	50,360477	48,921976	40,774707	40,674208	40,596566	39,332303	33,440459	29,618196	23,965893	-55839,129258
30,000000	0,000000	47,525078	51,013305	50,359055	48,948250	40,869316	40,771028	40,687351	39,475310	33,581704	29,727240	23,847514	-55838,557336
31,000000	0,000000	47,616818	51,040435	50,353733	48,986004	40,965539	40,871191	40,769491	39,651488	33,761382	29,834044	23,788685	-55837,398542
32,000000	0,000000	47,704751	51,054468	50,366865	49,016958	41,066230	40,977928	40,866623	39,797764	33,917716	29,948846	23,766244	-55838,456689
33,000000	0,000000	47,780715	51,083883	50,374396	49,053872	41,167540	41,071092	40,971201	39,946262	34,079996	30,056505	23,776152	-55838,969855
34,000000	0,000000	47,849315	51,106859	50,373544	49,103865	41,266634	41,166226	41,100457	40,111283	34,230129	30,159334	23,777800	-55838,768354
35,000000	0,000000	47,934307	51,138685	50,375814	49,135936	41,359749	41,269704	41,210105	40,277368	34,406830	30,276961	23,766853	-55839,136682
36,000000	0,000000	48,023188	51,201680	50,399178	49,155837	41,479323	41,371292	41,333043	40,437812	34,591452	30,429248	23,761615	-55839,784084
37,000000	0,000000	48,101279	51,260679	50,437280	49,156292	41,560678	41,471190	41,443042	40,562960	34,749793	30,536406	23,743228	-55839,473886
38,000000	0,000000	48,181334	51,322830	50,465540	49,151999	41,648729	41,561470	41,547436	40,700670	34,907791	30,638952	23,742415	-55839,034135
39,000000	0,000000	48,254598	51,377945	50,492023	49,138669	41,742618	41,650902	41,623281	40,821923	35,049281	30,743547	23,738392	-55837,622094
40,000000	0,000000	48,336724	51,440285	50,516125	49,140879	41,839296	41,744818	41,719153	40,953262	35,193947	30,850273	23,730333	-55837,209576
41,000000	0,000000	48,429616	51,488261	50,537994	49,153480	41,952640	41,861413	41,825521	41,092173	35,374015	30,978929	23,743039	-55837,659578
42,000000	0,000000	48,514839	51,536573	50,553806	49,154674	42,054062	41,965999	41,923525	41,208253	35,506874	31,103926	23,765759	-55837,884046
43,000000	0,000000	48,586077	51,578430	50,568857	49,162290	42,146484	42,057515	42,001985	41,326959	35,659643	31,212264	23,789323	-55837,266425
44,000000	0,000000	48,669227	51,613212	50,589803	49,180609	42,240911	42,147698	42,098396	41,457977	35,808447	31,333023	23,858535	-55837,646555
45,000000	0,000000	48,749371	51,641802	50,611934	49,197610	42,341562	42,240058	42,185541	41,592783	35,966921	31,439645	23,956178	-55838,161064
46,000000	0,000000	48,831252	51,675381	50,640070	49,211673	42,437451	42,352229	42,285623	41,723354	36,125678	31,579545	23,954507	-55836,875199
47,000000	0,000000	48,919938	51,697647	50,672713	49,241685	42,542864	42,459515	42,393328	41,854429	36,280609	31,703345	23,847076	-55838,828822
48,000000	0,000000	48,993946	51,726414	50,693810	49,272128	42,644467	42,555788	42,484099	41,980130	36,424583	31,821137	23,846799	-55839,393993
49,000000	0,000000	49,062526	51,752968	50,697935	49,300354	42,736162	42,650527	42,559075	42,083244	36,561484	31,930147	23,870245	-55838,865881
50,000000	0,000000	49,135773	51,784425	50,705906	49,325360	42,817013	42,733116	42,622272	42,182262	36,707096	32,035877	23,862416	-55837,658974
51,000000	0,000000	49,221936	51,821341	50,731043	49,373925	42,932473	42,849098	42,759997	42,298309	36,848076	32,162026	23,841715	-55838,882916
52,000000	0,000000	49,294112	51,842293	50,749809	49,405544	43,018593	42,932944	42,832358	42,394944	36,954286	32,251842	23,911405	-55838,393517
53,000000	0,000000	49,362319	51,868400	50,765575	49,431579	43,116310	43,033848	42,935227	42,491533	37,090028	32,354857	24,002031	-55838,296641
54,000000	0,000000	49,425361	51,883023	50,786276	49,463140	43,199042	43,121142	42,991138	42,584879	37,233177	32,452611	24,045134	-55837,938681
55,000000	0,000000	49,483587	51,890547	50,799786	49,491228	43,283569	43,205754	43,054581	42,712435	37,385250	32,565512	23,987509	-55836,495778
56,000000	0,000000	49,554411	51,921196	50,839180	49,523687	43,396841	43,317648	43,214053	42,852251	37,523594	32,715908	23,927548	-55837,361489
57,000000	0,000000	49,623088	51,941955	50,864224	49,546800	43,489109	43,406325	43,327342	42,968752	37,666698	32,836315	23,904161	-55837,553221
58,000000	0,000000	49,690490	51,963870	50,899966	49,573604	43,578055	43,499758	43,403762	43,073397	37,808718	32,953239	23,897044	-55837,874527
59,000000	0,000000	49,744650	51,985024	50,928047	49,606362	43,667725	43,587414	43,505963	43,180230	37,953969	33,064148	23,919533	-55836,763118
60,000000	0,000000	49,810302	52,009001	50,951389	49,645099	43,764495	43,678656	43,598873	43,290382	38,125994	33,200356	23,925020	-55836,995303
61,000000	0,000000	49,879798	52,040602	50,987484	49,694843	43,862703	43,777778	43,700358	43,424170	38,289163	33,341235	23,897431	-55836,757485
62,000000	0,000000	49,938547	52,066740	51,008753	49,737080	43,950004	43,871149	43,765467	43,535578	38,397049	33,469268	23,906950	-55836,994284
63,000000	0,000000	49,997001	52,103558	51,030646	49,784109	44,042359	43,961460	43,883699	43,650753	38,517929	33,592115	23,920328	-55837,393561
64,000000	0,000000	50,057568	52,140176	51,051922	49,830661	44,132314	44,053608	44,003024	43,757647	38,655787	33,700071	23,895947	-55836,945243
65,000000	0,000000	50,118864	52,177813	51,073299	49,873251	44,228145	44,145347	44,107564	43,863450	38,785117	33,812974	23,854442	-55837,231504
66,000000	0,000000	50,193089	52,220325	51,105107	49,900712	44,334272	44,260012	44,251439	43,989155	38,887956	33,917192	23,842792	-55837,790653
67,000000	0,000000	50,255973	52,249128	51,140547	49,931669	44,418861	44,347914	44,345936	44,088827	39,015746	34,021632	23,845163	-55836,835250
68,000000	0,000000	50,309123	52,279604	51,180853	49,968047	44,515837	44,430247	44,436291	44,198031	39,201074	34,163909	23,842911	-55835,774220
69,000000	0,000000	50,370995	52,314732	51,225600	50,016993	44,600602	44,525351	44,504260	44,288126	39,373582	34,311197	23,867033	-55835,964946
70,000000	0,000000	50,420282	52,349626	51,270815	50,053836	44,678473	44,608412	44,398908	44,212945	39,291002	34,352275	23,903047	-55834,789190
71,000000	0,000000	50,505541	52,399482	51,328231	50,123485	44,785529	44,708882	44,473822	44,347868	39,502487	34,458544	23,954209	-55836,892666
72,000000	0,000000	50,546902	52,438133	51,364649	50,182007	44,854251	44,781311	44,604503	44,413829	39,626848	34,558775	23,924562	-55836,144935
73,000000	0,000000	50,604967	52,474606	51,423157	50,236883	44,926092	44,848301	44,643952	44,476393	39,748124	34,686420	23,919826	-55836,145126
74,000000	0,000000	50,670567	52,520898	51,469254	50,293803	45,000579	44,930959	44,682533	44,566800	39,868659	34,806289	23,835918	-55836,754087
75,000000	0,000000	50,728405	52,566671	51,512959	50,343870	45,070004	45,001740	44,798877	44,602859	39,971276	34,922317	23,783509	-55836,884376
76,000000	0,000000	50,803419	52,611610	51,564249	50,411856	45,155186	45,082972	44,856101	44,752726	40,081301	35,049182	23,770054	-55836,899046
77,000000	0,000000	50,848174	52,651163	51,613981	50,449066	45,208211	45,141065	44,920255	44,786249	40,141438	35,151874	23,736531	-55834,019365
78,000000	0,000000	50,908741	52,702907	51,671226	50,532425	45,271328	45,204319	45,032596	44,875287	40,157434	35,237389	23,739274	-55833,944888
79,000000	0,000000	50,971052	52,769364	51,735086	50,643972	45,348014	45,279573	45,160139	45,013900	40,276964	35,322120	23,776845	-55835,390116
80,000000	0,000000	51,026402	52,819660	51,804084	50,744555	45,425074	45,342340	45,213196	45,055092	40,332429	35,397608	23,784171	-55835,039763
81,000000	0,000000	51,097538	52,888319	51,879749	50,865769	45,506141	45,428961	45,307115	45,125135	40,414022	35,482442	23,805170	-55834,729493
82,000000	0,000000	51,143346	52,939985	51,960989	50,960908	45,575930	45,493551	45,303243	45,206789	40,510796	35,552933	23,847259	-55834,541505
83,000000	0,000000	51,212233	53,004710	52,028359	51,057405	45,646076	45,569630	45,335291	45,291133	40,690545	35,682903	23,880785	-55835,665324
84,000000	0,000000	51,272393	53,056848	52,099116	51,146731	45,710152	45,639368	45,456060	45,369259	40,829886	35,843328	23,863384	-55834,024375
85,000000	0,000000	51,328699	53,114691	52,158273	51,229816	45,781516	45,713610	45,536798	45,417678	40,924368	35,968007	23,836442	-55833,138563
86,000000	0,000000	51,403720	53,179085	52,242106	51,331722	45,860073	45,791060	45,606090	45,527649	41,021087	36,051841	23,831816	-55834,142269
87,000000	0,000000	51,458487	53,242091	52,302545	51,416005	45,932694	45,853366	45,608310	45,561107	41,118664	36,178438	23,825085	-55834,521459
88,000000	0,000000	51,526381	53,301798	52,363809	51,497639	45,993477	45,921966	45,739307	45,648861	41,223413	36,287844	23,815599	-55834,696884
89,000000	0,000000	51,595907	53,350319	52,420609	51,579565	46,053684	45,984476	45,835406	45,746117	41,293368	36,368360	23,825381	-55834,324847
90,000000	0,000000	51,654261	53,405093	52,480840	51,665643	46,121305	46,054931	45,910301	45,826016	41,339299	36,445896	23,877650	-55834,409044
91,000000	0,000000	51,736570	53,464707	52,547181	51,754113	46,211388	46,122297	45,964176	45,909906	41,461845	36,551201	23,866371	-55834,746926
92,000000	0,000000	51,792513	53,516039	52,605740	51,835180	46,268992	46,191991	46,041082	45,984266	41,582611	36,639870	23,901509	-55833,247860
93,000000	0,000000	51,855221	53,570482	52,672506	51,925435	46,340156	46,267427	46,143153	46,074637	41,645084	36,739156	23,918047	-55833,774573
94,000000	0,000000	51,926760	53,625236	52,733884	52,006822	46,421772	46,345508	46,189173	46,124065	41,683934	36,828259	23,895709	-55835,128530
95,000000	0,000000	51,995193	53,687655	52,790749	52,079572	46,485427	46,405893	46,184538	46,122383	41,761846	36,878827	23,867624	-55834,356531
96,000000	0,000000	52,066587	53,748820	52,859153	52,168779	46,571448	46,493458	46,179476	46,222808	41,848931	36,964425	23,824727	-55834,526345
97,000000	0,000000	52,126488	53,806623	52,917631	52,245515	46,642273	46,570239	46,283930	46,298645	41,924245	37,059104	23,813356	-55834,188785
98,000000	0,000000	52,190667	53,861030	52,981027	52,319236	46,723141	46,639997	46,373977	46,378581	42,050838	37,171218	23,819483	-55834,329718
99,000000	0,000000	52,254202	53,918681	53,044386	52,388590	46,800322	46,719167	46,532959	46,497873	42,192084	37,304975	23,824709	-55834,214734
100,000000	0,000000	52,323843	53,981666	53,096544	52,457004	46,871302	46,791673	46,704060	46,597561	42,311491	37,385370	23,845960	-55833,715124
101,000000	0,000000	52,395975	54,045122	53,163029	52,530709	46,955647	46,883899	46,794154	46,719252	42,397920	37,459064	23,876145	-55833,393862
102,000000	0,000000	52,465211	54,103572	53,226379	52,601453	47,038161	46,954313	46,836513	46,802863	42,504306	37,508430	24,035130	-55833,288647
103,000000	0,000000	52,528955	54,166651	53,286899	52,662154	47,115367	47,036596	46,851056	46,817772	42,559851	37,606713	24,141416	-55833,361228
104,000000	0,000000	52,592473	54,219729	53,341555	52,717560	47,180367	47,104653	46,871645	46,867573	42,692767	37,724474	24,239053	-55832,671601
105,000000	0,000000	52,659125	54,273238	53,408206	52,790092	47,254517	47,184037	46,950809	46,960719	42,820083	37,855880	24,274305	-55833,389860
106,000000	0,000000	52,733296	54,335648	53,465340	52,846681	47,330141	47,259251	47,007034	47,085866	42,982324	38,004197	24,168129	-55831,090576
107,000000	0,000000	52,802802	54,394058	53,528104	52,916868	47,406286	47,332227	47,155499	47,210425	43,121810	38,115812	24,159765	-55831,656972
108,000000	0,000000	52,878005	54,462674	53,583498	52,992067	47,486840	47,417002	47,275742	47,311840	43,232778	38,233831	24,092298	-55832,343222
109,000000	0,000000	52,946491	54,528045	53,644673	53,065125	47,568576	47,491930	47,388891	47,398703	43,348897	38,339547	24,051333	-55832,918584
110,000000	0,000000	53,007529	54,582794	53,705367	53,123689	47,631186	47,557363	47,395861	47,401330	43,398487	38,406316	24,028600	-55832,105595
111,000000	0,000000	53,092078	54,652224	53,786444	53,199347	47,727081	47,653141	47,422749	47,469126	43,461754	38,514948	24,063203	-55833,152618
112,000000	0,000000	53,150993	54,713622	53,845745	53,264547	47,801050	47,724941	47,468040	47,543312	43,567671	38,611731	24,032559	-55832,532407
113,000000	0,000000	53,222421	54,781392	53,905531	53,340491	47,872267	47,797265	47,580766	47,661699	43,690107	38,716745	24,040333	-55832,739851
114,000000	0,000000	53,291180	54,845208	53,961873	53,403768	47,942035	47,868056	47,640272	47,694050	43,709984	38,767528	24,111332	-55832,396430
115,000000	0,000000	53,356814	54,900636	54,024300	53,470724	48,015445	47,938672	47,679658	47,772516	43,833910	38,819024	24,089980	-55832,069997
116,000000	0,000000	53,435289	54,971525	54,095034	53,540885	48,099619	48,018843	47,783339	47,857895	43,981723	38,942844	24,055688	-55832,141412
117,000000	0,000000	53,506313	55,037892	54,149678	53,600048	48,169476	48,097302	47,798383	47,885078	44,107707	39,050591	24,034636	-55831,903733
118,000000	0,000000	53,568783	55,093471	54,211649	53,656651	48,238234	48,169734	47,913234	48,002609	44,250257	39,155909	24,037531	-55831,562073
119,000000	0,000000	53,633176	55,158144	54,268915	53,706244	48,315899	48,237271	48,091832	48,141254	44,369084	39,268950	24,024422	-55831,453986
120,000000	0,000000	53,703445	55,222687	54,336340	53,765001	48,388061	48,307001	48,194491	48,218132	44,425508	39,351515	24,018478	-55831,416124
121,000000	0,000000	53,784736	55,291012	54,402887	53,845287	48,470562	48,398117	48,299548	48,231992	44,551347	39,453589	24,005866	-55832,345471
122,000000	0,000000	53,843071	55,347925	54,459900	53,897721	48,533496	48,462219	48,368751	48,307169	44,647165	39,543207	23,984722	-55831,019270
123,000000	0,000000	53,912849	55,410512	54,518088	53,962875	48,606626	48,528725	48,402491	48,396464	44,710386	39,669635	23,947778	-55830,238438
124,000000	0,000000	53,977759	55,480723	54,586402	54,031548	48,679678	48,606589	48,453121	48,493677	44,757863	39,773337	23,900661	-55831,350569
125,000000	0,000000	54,045374	55,534846	54,647023	54,089861	48,740192	48,669493	48,467573	48,520460	44,883101	39,867633	23,859750	-55830,167201
126,000000	0,000000	54,130500	55,616112	54,711773	54,154895	48,809274	48,742029	48,471611	48,566321	44,959000	39,946545	23,833484	-55830,826256
127,000000	0,000000	54,194000	55,680652	54,778186	54,225475	48,876044	48,808658	48,513131	48,614849	45,024080	40,045303	23,854045	-55831,590429
128,000000	0,000000	54,262143	55,746131	54,840945	54,290923	48,944382	48,869559	48,622128	48,694918	45,021859	40,132536	23,937034	-55831,871994
129,000000	0,000000	54,327365	55,806978	54,899419	54,354812	49,007949	48,930848	48,732805	48,795773	45,097508	40,183588	23,894334	-55831,159398
130,000000	0,000000	54,389187	55,867373	54,961622	54,411582	49,075686	48,997815	48,825799	48,873851	45,253344	40,282607	23,841738	-55830,940443
131,000000	0,000000	54,462755	55,938873	55,026846	54,472420	49,144480	49,075451	48,956211	49,012225	45,419970	40,416658	23,864829	-55830,401690
132,000000	0,000000	54,532064	56,010316	55,087234	54,538223	49,220391	49,155604	49,051082	49,099843	45,532070	40,566599	23,893991	-55831,118644
133,000000	0,000000	54,597228	56,075442	55,151108	54,593007	49,297359	49,224237	49,121798	49,177953	45,617338	40,664298	23,875192	-55831,100880
134,000000	0,000000	54,659293	56,138336	55,216824	54,646332	49,362256	49,282917	49,179220	49,245296	45,699217	40,754730	23,875048	-55830,600586
135,000000	0,000000	54,727984	56,203685	55,272065	54,701202	49,433606	49,354859	49,210866	49,302514	45,782584	40,841241	23,924110	-55830,767093
136,000000	0,000000	54,806508	56,277873	55,333114	54,767234	49,517752	49,438511	49,313478	49,373115	45,911482	40,950164	23,960859	-55831,028536
137,000000	0,000000	54,876595	56,353027	55,400080	54,838400	49,585068	49,514871	49,360585	49,440667	46,037911	41,053099	24,025569	-55831,648720
138,000000	0,000000	54,936826	56,406039	55,459854	54,896587	49,639058	49,572351	49,369768	49,479151	46,103227	41,119577	23,957975	-55830,846549
139,000000	0,000000	55,000677	56,469248	55,516529	54,966744	49,696149	49,635519	49,457040	49,553664	46,198087	41,189797	23,874190	-55830,823676
140,000000	0,000000	55,057557	56,531481	55,582160	55,023115	49,764509	49,697011	49,568813	49,656122	46,252061	41,274344	23,868532	-55830,409449
141,000000	0,000000	55,139176	56,597060	55,653619	55,101574	49,843942	49,765335	49,608077	49,712083	46,289491	41,358539	23,838188	-55829,936361
142,000000	0,000000	55,206284	56,664915	55,713116	55,164397	49,912836	49,839552	49,711896	49,796580	46,374662	41,429510	23,814614	-55830,048687
143,000000	0,000000	55,277497	56,720658	55,773462	55,239906	49,979977	49,902730	49,784116	49,855292	46,459409	41,503046	23,781801	-55829,935931
144,000000	0,000000	55,334317	56,765772	55,826476	55,302622	50,034632	49,961078	49,847297	49,918475	46,582207	41,598947	23,760231	-55827,735744
145,000000	0,000000	55,393588	56,826242	55,890561	55,372687	50,090410	50,022266	49,939044	50,001040	46,655939	41,686627	23,762876	-55827,243594
146,000000	0,000000	55,484303	56,907988	55,982971	55,475333	50,185115	50,108012	49,891070	50,000632	46,633685	41,728781	23,882594	-55829,932704
147,000000	0,000000	55,539157	56,967414	56,031945	55,526290	50,247960	50,171871	49,778476	49,929198	46,606349	41,750004	23,896395	-55828,598868
148,000000	0,000000	55,614240	57,034610	56,101183	55,595594	50,318402	50,238494	49,771903	49,945155	46,672839	41,781977	23,905920	-55829,355344
149,000000	0,000000	55,674270	57,096659	56,162642	55,667720	50,380252	50,303523	49,834490	50,050049	46,806366	41,862208	23,934476	-55829,255764
150,000000	0,000000	55,735332	57,151304	56,221640	55,731145	50,446528	50,364890	50,004823	50,203798	46,986011	41,981494	23,995095	-55828,683452
151,000000	0,000000	55,814817	57,237545	56,300634	55,799463	50,534757	50,453880	50,207968	50,336315	47,188504	42,151700	24,010366	-55829,743948
152,000000	0,000000	55,876703	57,293836	56,356616	55,851129	50,600840	50,525560	50,314804	50,418495	47,284878	42,295015	23,988456	-55828,765714
153,000000	0,000000	55,946461	57,359727	56,424510	55,911707	50,676248	50,600738	50,398991	50,512426	47,430433	42,448290	24,025033	-55830,198516
154,000000	0,000000	56,008578	57,420143	56,479143	55,975921	50,750982	50,673260	50,507299	50,635923	47,552416	42,543356	24,029060	-55830,461332
155,000000	0,000000	56,065855	57,476125	56,537475	56,019230	50,817478	50,738286	50,635313	50,726388	47,628281	42,602032	23,958968	-55829,501352
156,000000	0,000000	56,142260	57,550864	56,590981	56,092592	50,891606	50,822814	50,739431	50,800639	47,740677	42,692317	23,868768	-55828,199455
157,000000	0,000000	56,214956	57,614547	56,646810	56,151624	50,968512	50,888474	50,801015	50,864718	47,814888	42,803571	23,836159	-55828,979579
158,000000	0,000000	56,270509	57,669526	56,707582	56,204075	51,030125	50,949584	50,851284	50,932274	47,896230	42,904454	23,804646	-55828,388817
159,000000	0,000000	56,332485	57,731482	56,768633	56,270411	51,096503	51,022966	50,917013	51,005318	47,979744	43,007668	23,805954	-55829,022581
160,000000	0,000000	56,394636	57,787973	56,830910	56,330348	51,164625	51,083580	50,960679	51,044889	48,059078	43,100634	23,784434	-55827,748106
161,000000	0,000000	56,482341	57,867561	56,899464	56,401509	51,238223	51,170043	51,021491	51,130543	48,180641	43,188984	23,792821	-55828,554496
162,000000	0,000000	56,547440	57,930671	56,978629	56,466934	51,316870	51,238081	50,988780	51,151046	48,267168	43,299158	23,824187	-55829,356980
163,000000	0,000000	56,609566	57,981574	57,037115	56,532847	51,383071	51,302283	51,050698	51,189002	48,380645	43,421379	23,844824	-55828,184396
164,000000	20,554000	56,665396	58,039900	57,091425	56,592146	51,443026	51,369664	51,210355	51,320169	48,490585	43,515516	23,829569	-55826,496713
165,000000	20,554000	56,743462	58,112271	57,162562	56,654407	51,530065	51,445268	51,385217	51,469809	48,599811	43,631753	23,837701	-55828,877172
166,000000	20,554000	56,810749	58,188410	57,234065	56,711277	51,616098	51,535524	51,470211	51,569397	48,701404	43,718571	23,828510	-55828,613037
167,000000	20,554000	56,876751	58,249142	57,295687	56,764055	51,682714	51,603672	51,519945	51,624571	48,774280	43,742651	23,815453	-55828,703704
168,000000	20,554000	56,937398	58,306209	57,341568	56,801756	51,743891	51,664966	51,572327	51,649533	48,792045	43,796861	23,851284	-55826,686936
169,000000	20,554000	57,006002	58,375636	57,403953	56,857553	51,819000	51,746428	51,664240	51,696237	48,852587	43,822980	23,865949	-55827,147995
170,000000	20,554000	57,071586	58,440125	57,466411	56,923937	51,884362	51,813176	51,734538	51,761470	48,934769	43,910484	23,901282	-55827,415837
171,000000	20,554000	57,146459	58,513665	57,544399	56,989456	51,974549	51,900207	51,823387	51,838825	49,067355	44,067140	23,842597	-55828,222637
172,000000	20,554000	57,206955	58,576288	57,590503	57,037932	52,033160	51,961959	51,885581	51,943870	49,199704	44,207312	23,788138	-55826,573399
173,000000	20,554000	57,278671	58,644363	57,655397	57,104001	52,104912	52,027967	51,929546	52,040824	49,316655	44,327826	23,753569	-55827,740823
174,000000	20,554000	57,340508	58,701160	57,720600	57,166949	52,169036	52,094248	51,986924	52,097524	49,391244	44,419628	23,757075	-55827,228607
175,000000	20,554000	57,416129	58,771386	57,792416	57,242306	52,239015	52,165935	52,017451	52,130314	49,460511	44,509711	23,736708	-55828,661818
176,000000	20,554000	57,483338	58,838389	57,859826	57,322933	52,299887	52,234970	52,046234	52,174170	49,493931	44,611303	23,741070	-55827,618221
177,000000	20,554000	57,546422	58,909542	57,929116	57,396758	52,364032	52,295439	52,107699	52,230286	49,579961	44,683551	23,765774	-55827,274856
178,000000	20,554000	57,610629	58,963614	57,990367	57,476608	52,422001	52,348207	52,125380	52,297792	49,654592	44,755824	23,749534	-55826,472220
179,000000	20,554000	57,667592	59,019149	58,049839	57,551529	52,475577	52,405343	52,197799	52,357584	49,701893	44,821438	23,759571	-55825,894785
180,000000	20,554000	57,737952	59,090329	58,118744	57,630354	52,542905	52,466023	52,262653	52,435421	49,741056	44,880077	23,767210	-55825,983516
181,000000	20,554000	57,803692	59,146219	58,192440	57,706903	52,603036	52,532351	52,373368	52,517126	49,865983	44,979121	23,757137	-55825,427420
182,000000	20,554000	57,872301	59,207322	58,272125	57,791014	52,669510	52,597250	52,446255	52,598715	49,953750	45,080239	23,745877	-55826,976823
183,000000	20,554000	57,936708	59,266229	58,329620	57,864801	52,733492	52,657978	52,512625	52,664292	50,043934	45,149120	23,754347	-55826,520792
184,000000	20,554000	58,003985	59,319030	58,390668	57,927152	52,801640	52,720740	52,589825	52,726970	50,138874	45,218422	23,757638	-55826,003479
185,000000	20,554000	58,056759	59,382814	58,448121	57,986331	52,855847	52,779666	52,686178	52,796176	50,214944	45,309373	23,765556	-55824,725544
186,000000	20,554000	58,140958	59,451859	58,523221	58,038769	52,940391	52,867339	52,797760	52,913299	50,348470	45,429047	23,769787	-55826,051976
187,000000	20,554000	58,201601	59,514169	58,586430	58,084055	53,014320	52,938065	52,873647	52,975705	50,435835	45,529642	23,782166	-55826,376116
188,000000	20,554000	58,262937	59,580442	58,632273	58,125018	53,079124	53,005417	52,935821	53,022937	50,530676	45,610155	23,795089	-55825,900561
189,000000	20,554000	58,324987	59,641878	58,689516	58,184384	53,155876	53,077234	52,985314	53,092206	50,607985	45,686709	23,803114	-55825,585212
190,000000	20,554000	58,391984	59,706505	58,745739	58,226536	53,231233	53,150841	53,045967	53,169732	50,716923	45,774121	23,801624	-55826,038613
191,000000	20,554000	58,472576	59,780641	58,817743	58,283631	53,316337	53,245736	53,135912	53,255531	50,804936	45,874340	23,802338	-55826,327807
192,000000	20,554000	58,533677	59,833272	58,875975	58,319955	53,386335	53,313203	53,162128	53,300662	50,859828	45,956234	23,809316	-55826,462719
193,000000	20,554000	58,593621	59,887168	58,930554	58,359935	53,454079	53,377304	53,168635	53,342426	50,892277	46,031092	23,805295	-55825,440108
194,000000	20,554000	58,654735	59,950482	58,978881	58,402503	53,525147	53,445466	53,202401	53,400769	50,940514	46,083328	23,807162	-55825,536225
195,000000	20,554000	58,730001	60,011064	59,033243	58,443838	53,593168	53,526873	53,244999	53,435262	50,965299	46,122840	23,809151	-55825,601606
196,000000	20,554000	58,808559	60,081436	59,115015	58,509053	53,682222	53,610163	53,282434	53,482203	51,028407	46,184427	23,821135	-55826,352488
197,000000	20,554000	58,866320	60,143005	59,167372	58,561041	53,746735	53,673529	53,351166	53,560738	51,119385	46,256012	23,850883	-55825,896985
198,000000	20,554000	58,924235	60,206860	59,219371	58,596989	53,819266	53,740215	53,439272	53,648656	51,237354	46,359955	23,877491	-55825,829031
199,000000	20,554000	58,998340	60,262703	59,274903	58,645030	53,884859	53,818069	53,549772	53,746607	51,341107	46,450578	23,893893	-55825,994629
200,000000	20,554000	59,062004	60,321811	59,325191	58,672499	53,951373	53,889117	53,662195	53,858993	51,449964	46,561711	23,904705	-55825,517299
201,000000	20,554000	59,140533	60,374296	59,372189	58,705443	54,040408	53,965575	53,801271	53,974363	51,598554	46,712043	23,918091	-55824,695024
202,000000	20,554000	59,196361	60,420760	59,410995	58,729189	54,113575	54,032268	53,886865	54,068283	51,721031	46,844832	23,967370	-55824,017435
203,000000	20,554000	59,264308	60,480064	59,450185	58,764580	54,186151	54,109720	53,944707	54,118759	51,787729	46,938296	24,028045	-55824,665227
204,000000	20,554000	59,331392	60,539503	59,481933	58,786393	54,244736	54,171924	54,011891	54,160999	51,822323	46,989433	24,074858	-55823,831086
205,000000	20,554000	59,399895	60,603734	59,527425	58,831231	54,312597	54,242605	54,109265	54,235231	51,876817	47,046625	24,082591	-55824,305332
206,000000	20,554000	59,491591	60,691426	59,580740	58,878844	54,397873	54,328152	54,199579	54,365107	52,033045	47,181990	24,081407	-55825,649784
207,000000	20,554000	59,552267	60,740856	59,614797	58,910382	54,463408	54,392151	54,269054	54,432084	52,142247	47,284099	24,102062	-55824,337771
208,000000	20,554000	59,618068	60,795649	59,658535	58,944025	54,533108	54,455719	54,331129	54,478585	52,255436	47,380040	24,085528	-55824,224166
209,000000	20,554000	59,682251	60,851387	59,710453	58,988569	54,601725	54,520815	54,396743	54,530041	52,359734	47,478662	23,990467	-55824,526629
210,000000	20,554000	59,748737	60,911092	59,757590	59,025477	54,666086	54,586871	54,446650	54,604788	52,429924	47,558326	24,027008	-55824,955367
211,000000	20,554000	59,823492	60,973728	59,804026	59,072403	54,742157	54,661744	54,498880	54,664567	52,505527	47,654369	23,974441	-55824,610143
212,000000	20,554000	59,878868	61,036295	59,843142	59,117947	54,806345	54,731913	54,521769	54,733396	52,497378	47,694692	23,975190	-55824,509790
213,000000	20,554000	59,944252	61,097069	59,881570	59,151976	54,867069	54,789497	54,597977	54,789965	52,527364	47,714259	23,946179	-55824,382978
214,000000	20,554000	60,002977	61,152050	59,918552	59,180855	54,926329	54,850981	54,676936	54,865744	52,635768	47,785472	23,900941	-55823,342044
215,000000	20,554000	60,080263	61,212963	59,978792	59,218465	55,000342	54,920405	54,740172	54,931763	52,724486	47,885427	23,894240	-55825,112364
216,000000	20,554000	60,144008	61,275226	60,022986	59,268915	55,068166	54,997150	54,789733	55,000923	52,860561	47,958802	23,906061	-55824,363149
217,000000	20,554000	60,198104	61,323357	60,071581	59,315371	55,112730	55,046496	54,827863	55,028556	52,978264	48,084567	23,888447	-55822,944198
218,000000	20,554000	60,258789	61,380512	60,127067	59,375492	55,178599	55,109779	54,886075	55,092282	53,057513	48,184891	23,864588	-55823,651680
219,000000	20,554000	60,326021	61,436401	60,180170	59,438632	55,244643	55,170776	54,969275	55,172544	53,126416	48,264149	23,850755	-55824,217587
220,000000	20,554000	60,376643	61,492414	60,231610	59,494556	55,297314	55,225799	54,853739	55,067588	53,037008	48,224073	23,855091	-55823,484632
221,000000	20,554000	60,450956	61,566007	60,303889	59,563234	55,353842	55,283690	54,942251	55,190579	53,106924	48,235133	23,860466	-55824,243596
222,000000	20,554000	60,509793	61,610580	60,351089	59,608720	55,401733	55,325849	55,012894	55,269404	53,230204	48,315705	23,871431	-55823,029238
223,000000	20,554000	60,566650	61,663281	60,403936	59,666407	55,451594	55,378348	55,057998	55,274303	53,290786	48,364868	23,840361	-55823,179986
224,000000	20,554000	60,616563	61,718409	60,447938	59,724198	55,498121	55,420968	55,005379	55,272573	53,335919	48,410214	23,853199	-55822,208631
225,000000	20,554000	60,674707	61,778844	60,485707	59,784459	55,552373	55,471399	55,037335	55,381210	53,359979	48,468296	23,865351	-55822,468879
226,000000	20,554000	60,751278	61,830529	60,537600	59,842464	55,606432	55,536315	55,225422	55,495628	53,407675	48,529416	23,866898	-55822,667328
227,000000	20,554000	60,803090	61,885782	60,580771	59,915025	55,661579	55,588888	55,304134	55,565736	53,486232	48,566316	23,876902	-55823,978856
228,000000	20,554000	60,861001	61,934509	60,617468	59,965669	55,704422	55,628801	55,331948	55,584643	53,496827	48,588238	23,893411	-55822,206913
229,000000	20,554000	60,917778	61,985506	60,664516	60,020701	55,752979	55,676746	55,383147	55,637368	53,627297	48,692090	23,891233	-55822,109489
230,000000	20,554000	60,971019	62,035738	60,720934	60,074023	55,813752	55,727465	55,443110	55,684142	53,768354	48,801264	23,905533	-55821,845414
231,000000	20,554000	61,043890	62,093274	60,768376	60,150096	55,865823	55,794748	55,478091	55,729059	53,895682	48,908283	23,846904	-55822,453143
232,000000	20,554000	61,093436	62,154373	60,849677	60,200043	55,907610	55,843600	55,489076	55,747744	53,948484	48,959415	23,805111	-55823,206158
233,000000	20,554000	61,149995	62,216451	60,934474	60,275596	55,941293	55,872596	55,571901	55,770831	53,984558	49,017324	23,769345	-55822,434712
234,000000	20,554000	61,208633	62,287541	61,028087	60,397351	55,979158	55,912721	55,579826	55,788930	53,994917	49,071193	23,830569	-55823,793074
235,000000	20,554000	61,252719	62,349662	61,115314	60,507802	56,015102	55,937831	55,570648	55,839290	54,014495	49,111534	23,867882	-55823,353833
236,000000	20,554000	61,305895	62,410198	61,216962	60,639428	56,055521	55,985807	55,651486	55,859051	54,078109	49,168674	23,914495	-55823,527484
237,000000	20,554000	61,346086	62,470938	61,295423	60,731533	56,093561	56,017588	55,746468	55,910825	54,076177	49,211064	23,856043	-55822,342026
238,000000	20,554000	61,399792	62,530725	61,372634	60,830477	56,135362	56,061267	55,757240	55,960879	54,114758	49,275804	23,821678	-55822,255763
239,000000	20,554000	61,452919	62,591631	61,449589	60,927029	56,185361	56,106368	55,760551	55,999362	54,185291	49,327080	23,835411	-55822,778152
240,000000	20,554000	61,501833	62,651833	61,531746	61,016255	56,232636	56,154232	55,793004	56,055679	54,238280	49,395146	23,827480	-55823,016262
241,000000	20,554000	61,548829	62,716027	61,616335	61,111462	56,267557	56,201450	55,808364	56,089859	54,307541	49,453846	23,815165	-55820,939454
242,000000	20,554000	61,606390	62,780078	61,693913	61,206705	56,320642	56,250566	55,932283	56,169351	54,388990	49,518107	23,826722	-55822,863558
243,000000	20,554000	61,662008	62,841093	61,772515	61,299280	56,370187	56,292496	55,988172	56,212859	54,428083	49,576603	23,812245	-55823,463168
244,000000	20,554000	61,703827	62,893570	61,840903	61,381627	56,400830	56,324642	56,062487	56,242903	54,440304	49,615804	23,766971	-55821,907338
245,000000	20,554000	61,758913	62,948041	61,914513	61,466504	56,439548	56,366540	56,015627	56,273685	54,460271	49,646942	23,773155	-55821,557897
246,000000	20,554000	61,804402	63,003188	61,993349	61,551075	56,482943	56,402359	56,034889	56,313837	54,512126	49,709536	23,803325	-55820,243402
247,000000	20,554000	61,862500	63,062572	62,064503	61,635898	56,519088	56,449201	56,125522	56,392692	54,570852	49,759019	23,814939	-55820,154493
248,000000	20,554000	61,920468	63,124759	62,141661	61,716270	56,564167	56,493765	56,177311	56,447588	54,656924	49,813235	23,823512	-55821,332522
249,000000	20,554000	61,963471	63,174559	62,206142	61,796994	56,602884	56,530371	56,203950	56,457757	54,730574	49,873038	23,798879	-55820,912781
250,000000	20,554000	62,015677	63,231808	62,277413	61,864352	56,650971	56,575023	56,215227	56,481239	54,747993	49,915260	23,784802	-55820,123076
251,000000	20,554000	62,072930	63,304304	62,363100	61,952087	56,698214	56,626206	56,337070	56,502662	54,813284	49,968114	23,770460	-55821,731586
252,000000	20,554000	62,123782	63,359881	62,417787	62,025728	56,742144	56,664984	56,322252	56,555123	54,844699	50,000039	23,768193	-55821,048451
253,000000	20,554000	62,173291	63,419522	62,484506	62,098481	56,784538	56,712245	56,324730	56,594169	54,908886	50,057001	23,765847	-55821,693224
254,000000	20,554000	62,227037	63,479149	62,546093	62,160854	56,831618	56,754916	56,412955	56,650352	54,949783	50,101031	23,750624	-55821,843382
255,000000	20,554000	62,269226	63,520606	62,598107	62,201754	56,870994	56,789812	56,491855	56,679440	54,972863	50,121139	23,729249	-55820,049779
256,000000	20,554000	62,324156	63,584521	62,658655	62,263513	56,921750	56,845377	56,450229	56,705534	55,040450	50,193919	23,722222	-55819,685882
257,000000	20,554000	62,376578	63,637882	62,719514	62,320098	56,964563	56,893402	56,452486	56,731339	55,119150	50,261691	23,719950	-55820,103372
258,000000	20,554000	62,421622	63,690271	62,770508	62,365998	57,004309	56,927502	56,540786	56,792670	55,188629	50,312521	23,715396	-55820,328653
259,000000	20,554000	62,465835	63,745785	62,823210	62,416297	57,055362	56,976066	56,619797	56,823824	55,254241	50,356698	23,723576	-55820,175408
260,000000	20,554000	62,519330	63,801484	62,874680	62,465718	57,105815	57,022103	56,669549	56,911092	55,317919	50,411201	23,795162	-55820,699938
261,000000	20,554000	62,582956	63,863973	62,945315	62,524340	57,152944	57,074051	56,758193	56,943542	55,406947	50,494552	23,804360	-55821,078572
262,000000	20,554000	62,629209	63,911246	62,990969	62,583332	57,201987	57,123818	56,802911	57,057309	55,456437	50,545015	23,782316	-55820,786808
263,000000	20,554000	62,673944	63,959370	63,035339	62,642700	57,240691	57,160007	56,849849	57,064212	55,515954	50,597963	23,763664	-55819,723763
264,000000	20,554000	62,724262	64,005723	63,093303	62,712980	57,297567	57,217132	56,894852	57,106595	55,569754	50,675246	23,772759	-55821,044576
265,000000	20,554000	62,780162	64,058423	63,153395	62,777464	57,350557	57,264818	56,966448	57,202023	55,632737	50,739725	23,906042	-55820,876825
266,000000	20,554000	62,830998	64,113056	63,213634	62,841458	57,398695	57,321536	57,017192	57,232095	55,692929	50,791727	23,883661	-55820,188140
267,000000	20,554000	62,880757	64,173069	63,274881	62,900767	57,443319	57,371092	57,104308	57,288486	55,746798	50,870662	24,001959	-55820,727569
268,000000	20,554000	62,926663	64,216045	63,331556	62,958435	57,493503	57,421972	57,162681	57,396952	55,817423	50,941873	24,046104	-55820,355644
269,000000	20,554000	62,970631	64,261743	63,390427	63,014766	57,543336	57,460747	57,224097	57,444903	55,892419	51,022415	24,062786	-55819,893276
270,000000	20,554000	63,015688	64,309339	63,445403	63,077520	57,593555	57,514947	57,239266	57,492166	55,933660	51,059051	24,100870	-55819,532762
271,000000	20,554000	63,076922	64,372403	63,503470	63,139656	57,655147	57,576166	57,352642	57,536271	55,907507	51,067509	24,089149	-55820,043324
272,000000	20,554000	63,122810	64,418993	63,554152	63,195708	57,709345	57,632273	57,450993	57,623153	55,961310	51,111471	24,003060	-55818,984531
273,000000	20,554000	63,176949	64,477059	63,612648	63,252229	57,770905	57,696892	57,521957	57,690794	56,065939	51,193253	23,989612	-55820,157413
274,000000	20,554000	63,228167	64,524312	63,672111	63,303216	57,834156	57,754130	57,513253	57,707002	56,136308	51,291054	23,991655	-55819,400117
275,000000	20,554000	63,272045	64,574114	63,724575	63,351617	57,894258	57,807594	57,520671	57,745020	56,187363	51,368023	23,923123	-55818,974854
276,000000	20,554000	63,325666	64,629723	63,782239	63,412959	57,948978	57,876894	57,697448	57,880885	56,369191	51,508973	23,935273	-55817,955380
277,000000	20,554000	63,376783	64,681035	63,838159	63,464007	58,017781	57,936737	57,783905	57,954693	56,481499	51,629402	23,876064	-55817,629389
278,000000	20,554000	63,431566	64,732762	63,889994	63,512487	58,077170	58,008810	57,847256	58,000102	56,581561	51,724506	23,833984	-55818,474501
279,000000	20,554000	63,488165	64,788699	63,942776	63,553721	58,148786	58,071583	57,895307	58,070159	56,634779	51,770599	23,810671	-55819,282096
280,000000	20,554000	63,528671	64,834500	63,982477	63,587624	58,205395	58,123877	57,954257	58,140652	56,712257	51,792369	23,798233	-55817,835610
281,000000	20,554000	63,596119	64,896678	64,036464	63,630491	58,270162	58,194108	57,976765	58,178068	56,795303	51,864425	23,812710	-55817,981103
282,000000	20,554000	63,654244	64,944943	64,084999	63,672036	58,329558	58,251105	58,045418	58,255238	56,852897	51,939922	23,808114	-55818,351266
283,000000	20,554000	63,699667	64,991033	64,127261	63,702679	58,379048	58,303047	58,004473	58,250347	56,883430	52,028955	23,808712	-55817,174111
284,000000	20,554000	63,754094	65,038077	64,171481	63,739096	58,424810	58,351246	58,016876	58,314771	56,927819	52,096164	23,873829	-55816,653453
285,000000	20,554000	63,804695	65,088559	64,208695	63,777750	58,474898	58,392799	58,126987	58,398993	56,985591	52,175213	23,834015	-55816,529224
286,000000	20,554000	63,873156	65,145486	64,272125	63,837171	58,543104	58,469115	58,252277	58,468562	57,115573	52,211373	23,824444	-55818,330774
287,000000	20,554000	63,912445	65,195495	64,312750	63,885488	58,590756	58,512898	58,352672	58,555183	57,173717	52,272404	23,786906	-55817,677594
288,000000	20,554000	63,970845	65,245308	64,360500	63,940545	58,640866	58,564755	58,400908	58,594034	57,214383	52,353123	23,831203	-55817,715280
289,000000	20,554000	64,024789	65,293212	64,415907	63,994513	58,696718	58,622947	58,416121	58,631929	57,269957	52,434455	23,907464	-55817,856995
290,000000	20,554000	64,082652	65,348582	64,471773	64,047705	58,751290	58,677007	58,444175	58,655823	57,332284	52,494111	23,929485	-55818,922593
291,000000	20,554000	64,132945	65,400097	64,527429	64,109437	58,803332	58,720072	58,485298	58,711081	57,334020	52,552612	23,898925	-55816,686024
292,000000	20,554000	64,192097	65,457599	64,589707	64,174373	58,858755	58,774688	58,588308	58,784720	57,431924	52,634323	23,919370	-55818,016647
293,000000	20,554000	64,235970	65,506438	64,643795	64,230830	58,900559	58,829120	58,608153	58,811852	57,510987	52,679938	23,975473	-55817,304932
294,000000	20,554000	64,290167	65,563045	64,694970	64,281974	58,950961	58,876453	58,624462	58,826779	57,541807	52,724015	24,046664	-55817,526152
295,000000	20,554000	64,342514	65,612842	64,746678	64,349061	58,999872	58,917570	58,600448	58,861772	57,594739	52,768244	24,057112	-55817,345138
296,000000	20,554000	64,402287	65,670613	64,820254	64,420222	59,053327	58,975808	58,703943	58,882754	57,642837	52,843086	23,944313	-55818,503871
297,000000	20,554000	64,454618	65,723878	64,866320	64,468402	59,085393	59,018836	58,670270	58,928400	57,669452	52,860757	23,860959	-55817,601260
298,000000	20,554000	64,503471	65,774799	64,915453	64,519721	59,131420	59,061272	58,777765	58,962510	57,732489	52,919578	23,899547	-55817,264313
299,000000	20,554000	64,550590	65,822442	64,966458	64,567273	59,175922	59,101247	58,778320	58,987544	57,746300	52,970657	24,002779	-55816,867707
300,000000	20,554000	64,582581	65,864136	65,017899	64,612372	59,220439	59,133703	58,833098	59,088343	57,821169	53,015122	24,007882	-55815,163858
301,000000	20,554000	64,643204	65,923036	65,070835	64,668907	59,270490	59,194725	58,903416	59,159878	57,924886	53,089928	23,961965	-55815,840821
302,000000	20,554000	64,701092	65,983144	65,112679	64,715222	59,329193	59,243514	58,930718	59,184093	57,979275	53,179891	24,005908	-55817,061505
303,000000	20,554000	64,749937	66,026708	65,154234	64,761106	59,372225	59,290362	58,990413	59,240449	57,988696	53,230627	23,990360	-55816,136804
304,000000	20,554000	64,795707	66,071282	65,199151	64,796964	59,418939	59,336096	59,011530	59,306898	58,025647	53,267948	23,946807	-55815,331334
305,000000	20,554000	64,845238	66,122280	65,246698	64,848457	59,464860	59,391502	59,080501	59,368345	58,109826	53,332259	23,903294	-55816,988916
306,000000	20,554000	64,901071	66,180619	65,297168	64,898964	59,522986	59,443806	59,142840	59,430539	58,209477	53,404811	23,854299	-55816,658790
307,000000	20,554000	64,939742	66,223066	65,330451	64,934420	59,567440	59,487849	59,237853	59,474218	58,248226	53,444958	23,821364	-55815,280498
308,000000	20,554000	64,995514	66,275301	65,388837	64,991545	59,620117	59,541303	59,339421	59,544230	58,341006	53,500403	23,818388	-55816,212606
309,000000	20,554000	65,037980	66,315523	65,435036	65,035487	59,673709	59,587292	59,416140	59,643187	58,434697	53,582683	23,827330	-55815,719202
310,000000	20,554000	65,088202	66,362397	65,479271	65,093207	59,724283	59,646344	59,513179	59,656310	58,472091	53,683343	23,799528	-55815,356614
311,000000	20,554000	65,142282	66,412628	65,546147	65,159920	59,784723	59,700827	59,535156	59,607837	58,551814	53,776739	23,783314	-55815,361139
312,000000	20,554000	65,199805	66,466856	65,600236	65,219399	59,838108	59,759141	59,593596	59,686597	58,622715	53,823645	23,786971	-55816,103951
313,000000	20,554000	65,245291	66,518069	65,647872	65,279707	59,895140	59,813656	59,633221	59,802438	58,686291	53,883161	23,779786	-55815,876642
314,000000	20,554000	65,289431	66,570889	65,700889	65,337229	59,951920	59,864676	59,678176	59,868080	58,729658	53,935516	23,772367	-55815,664542
315,000000	20,554000	65,332511	66,617626	65,759876	65,391187	60,003500	59,916756	59,748662	59,946013	58,693448	53,987934	23,765994	-55816,257256
316,000000	20,554000	65,393764	66,676560	65,817677	65,447796	60,073681	59,987474	59,793548	59,974324	58,744381	53,998588	23,772594	-55816,546935
317,000000	20,554000	65,451886	66,731421	65,872584	65,500733	60,128352	60,040276	59,870549	59,900061	58,669769	54,080308	23,764716	-55816,844758
318,000000	20,554000	65,499398	66,778227	65,928996	65,548139	60,178183	60,093132	59,901165	59,947315	58,738043	54,171036	23,762318	-55816,352744
319,000000	20,554000	65,541995	66,823076	65,982403	65,606615	60,232228	60,153248	59,872060	59,999644	58,870833	54,253940	23,782264	-55816,223836
320,000000	20,554000	65,586192	66,874824	66,027819	65,651816	60,284486	60,205205	59,822989	60,021176	58,922654	54,296441	23,800797	-55815,682286
321,000000	20,554000	65,662856	66,933303	66,086006	65,712083	60,359169	60,274459	60,010184	60,248069	59,072348	54,422155	23,857277	-55816,877368
322,000000	20,554000	65,706048	66,982679	66,138319	65,750045	60,416582	60,336342	60,080273	60,308443	59,212822	54,523348	23,801399	-55816,311900
323,000000	20,554000	65,753800	67,029302	66,194692	65,792072	60,466623	60,391209	60,110323	60,342257	59,198609	54,617687	23,781985	-55815,735411
324,000000	20,554000	65,805027	67,084306	66,234360	65,831171	60,528196	60,440635	60,131947	60,417593	59,154664	54,665507	23,771241	-55815,377238
325,000000	20,554000	65,857335	67,130668	66,280345	65,871809	60,583650	60,498361	60,133839	60,424219	59,316835	54,702759	23,772985	-55815,285386
326,000000	20,554000	65,928577	67,190625	66,329101	65,918104	60,645877	60,576167	60,128281	60,548331	59,494478	54,780360	23,811401	-55816,237561
327,000000	20,554000	65,978515	67,233047	66,370418	65,949536	60,691106	60,607174	60,360896	60,611642	59,536138	54,806380	23,808850	-55814,700632
328,000000	20,554000	66,030966	67,279521	66,414524	65,999091	60,747034	60,665790	60,438010	60,683449	59,599444	54,865657	23,821598	-55815,313876
329,000000	20,554000	66,083517	67,324131	66,455780	66,039041	60,798091	60,716410	60,535957	60,752369	59,664554	54,916131	23,808459	-55814,876876
330,000000	20,554000	66,135074	67,372451	66,495359	66,083642	60,845004	60,759744	60,605371	60,786933	59,729208	54,990549	23,807018	-55814,498618
331,000000	20,554000	66,192164	67,428256	66,548982	66,132735	60,909015	60,823504	60,644864	60,822271	59,766962	55,059106	23,811081	-55814,776776
332,000000	20,554000	66,241853	67,474679	66,598807	66,179365	60,955170	60,873188	60,667510	60,795031	59,753677	55,116422	23,800692	-55813,861938
333,000000	20,554000	66,297025	67,526362	66,650378	66,242080	61,022072	60,934157	60,738333	60,917742	59,893950	55,257592	23,816715	-55815,760749
334,000000	20,554000	66,348300	67,563499	66,697426	66,290710	61,065670	60,985938	60,850937	61,006771	59,874883	55,324403	23,812408	-55814,580209
335,000000	20,554000	66,395707	67,620197	66,746468	66,346886	61,119228	61,034594	60,862199	61,069773	59,931190	55,316285	23,837995	-55814,214387
336,000000	20,554000	66,456279	67,675202	66,804481	66,412003	61,172379	61,094947	60,943083	61,131052	60,011796	55,344160	23,878962	-55814,153698
337,000000	20,554000	66,496436	67,722736	66,864437	66,454612	61,227458	61,139579	60,965799	61,181559	60,100438	55,459612	23,879799	-55813,480905
338,000000	20,554000	66,553216	67,781354	66,923387	66,519822	61,283649	61,205538	60,994700	61,243111	60,204796	55,579970	23,888821	-55814,697312
339,000000	20,554000	66,604763	67,839235	66,969740	66,582964	61,332787	61,254861	61,020730	61,286260	60,258865	55,648310	23,881093	-55814,662197
340,000000	20,554000	66,654939	67,884639	67,026782	66,634778	61,389002	61,304290	60,977962	61,266091	60,296290	55,682762	23,910102	-55814,836480
341,000000	20,554000	66,717226	67,953900	67,098078	66,702964	61,452492	61,371656	61,132538	61,377785	60,383851	55,768431	23,962911	-55816,008917
342,000000	20,554000	66,772930	68,000231	67,147321	66,757579	61,504124	61,424752	61,222971	61,446832	60,469400	55,872061	23,993544	-55815,556910
343,000000	20,554000	66,819012	68,045826	67,197875	66,806729	61,557789	61,473840	61,279916	61,516633	60,546181	55,976657	24,015337	-55814,752870
344,000000	20,554000	66,864486	68,093336	67,242183	66,852016	61,608404	61,532379	61,333263	61,557717	60,608823	56,064690	23,966320	-55814,189197
345,000000	20,554000	66,913868	68,142504	67,293213	66,901362	61,671444	61,589440	61,389743	61,616120	60,650179	56,129568	23,929329	-55814,111134
346,000000	20,554000	66,982492	68,197564	67,354640	66,938860	61,731378	61,653029	61,498947	61,698245	60,703090	56,184110	23,914224	-55814,771217
347,000000	20,554000	67,025159	68,243848	67,392883	66,966462	61,783267	61,702634	61,470540	61,707649	60,691494	56,234499	23,929781	-55813,599751
348,000000	20,554000	67,079018	68,297380	67,439818	67,000834	61,838692	61,761165	61,527784	61,773003	60,782351	56,279080	23,955938	-55814,327631
349,000000	20,554000	67,127835	68,345739	67,476061	67,039526	61,891106	61,810210	61,607580	61,843280	60,848464	56,365865	23,939562	-55813,746121
350,000000	20,554000	67,178267	68,393750	67,518224	67,084706	61,948012	61,859610	61,670148	61,869655	60,919426	56,439823	23,905721	-55813,729362
351,000000	20,554000	67,234281	68,455803	67,573909	67,132399	62,012659	61,930198	61,707734	61,899065	60,947008	56,499770	23,913554	-55813,770534
352,000000	20,554000	67,289621	68,504021	67,619039	67,179671	62,066713	61,987103	61,653067	61,895568	60,964371	56,518745	23,923318	-55813,751666
353,000000	20,554000	67,338471	68,557208	67,668262	67,229248	62,120579	62,036427	61,618182	61,894900	60,938860	56,519787	23,935366	-55813,974076
354,000000	20,554000	67,389967	68,610097	67,718337	67,285711	62,172898	62,089840	61,680535	61,969907	60,947717	56,567645	23,974355	-55814,370327
355,000000	20,554000	67,437453	68,654260	67,760942	67,333295	62,221600	62,143418	61,772066	62,071574	61,028960	56,648875	24,045910	-55814,442654
356,000000	20,554000	67,493884	68,708223	67,827145	67,396919	62,274492	62,190305	61,908050	62,162580	61,087113	56,714051	24,075026	-55814,552560
357,000000	20,554000	67,536364	68,753653	67,867616	67,438754	62,312365	62,234189	61,946785	62,188955	61,147028	56,762583	24,104286	-55812,709248
358,000000	20,554000	67,595034	68,820241	67,928247	67,497433	62,358676	62,273924	61,963730	62,217540	61,190140	56,817779	24,095659	-55813,665182
359,000000	20,554000	67,642746	68,855326	67,971863	67,550304	62,391623	62,311942	62,013953	62,234175	61,248942	56,857755	24,040660	-55813,207634
360,000000	20,554000	67,682857	68,899127	68,018330	67,597438	62,422251	62,346249	62,021825	62,249412	61,178868	56,855552	24,003067	-55811,599648
361,000000	20,554000	67,743222	68,951386	68,074680	67,673637	62,477585	62,394958	62,059017	62,254921	61,304837	56,882499	23,997732	-55812,565848
362,000000	20,554000	67,795137	69,005917	68,135674	67,728540	62,510896	62,428236	62,114519	62,288208	61,380096	56,980405	23,988531	-55813,457081
363,000000	20,554000	67,841724	69,048136	68,186954	67,786306	62,547206	62,475138	62,146365	62,343472	61,455024	57,046119	23,979673	-55813,117123
364,000000	20,554000	67,878945	69,090661	68,232537	67,837670	62,591066	62,508904	62,184327	62,365085	61,481211	57,091287	23,966940	-55813,024531
365,000000	20,554000	67,934678	69,141414	68,275372	67,898405	62,627903	62,545618	62,259794	62,466771	61,485757	57,147552	23,936866	-55813,182569
366,000000	20,554000	67,980809	69,178705	68,330894	67,947483	62,681204	62,596519	62,231423	62,508905	61,565401	57,179921	23,899740	-55812,615086
367,000000	20,554000	68,031471	69,234676	68,381255	68,020896	62,733323	62,646017	62,351823	62,622532	61,540673	57,230645	23,909531	-55813,873195
368,000000	20,554000	68,070446	69,283808	68,433198	68,073608	62,773600	62,688276	62,379381	62,655919	61,645617	57,292204	23,902612	-55813,248208
369,000000	20,554000	68,115221	69,332994	68,474245	68,120601	62,819137	62,730874	62,405441	62,614620	61,681258	57,326632	23,913984	-55812,744246
370,000000	20,554000	68,164099	69,376803	68,524692	68,178295	62,859321	62,779703	62,436639	62,645197	61,690766	57,344613	23,950076	-55812,315361
371,000000	20,554000	68,212791	69,437725	68,590853	68,240154	62,921498	62,842595	62,498651	62,665941	61,604375	57,330230	23,963600	-55812,883260
372,000000	20,554000	68,262658	69,489613	68,643809	68,284950	62,985502	62,896310	62,552364	62,752753	61,695464	57,368538	23,921476	-55813,296137
373,000000	20,554000	68,308599	69,536536	68,693787	68,335521	63,039955	62,950196	62,643890	62,832055	61,826759	57,455207	23,902777	-55813,113177
374,000000	20,554000	68,352428	69,582051	68,741926	68,377949	63,088732	63,000677	62,753644	62,942020	61,916348	57,505281	23,923573	-55812,655765
375,000000	20,554000	68,387778	69,622772	68,794678	68,429546	63,137363	63,056945	62,803751	62,991126	62,047854	57,590842	23,927326	-55812,115253
376,000000	20,554000	68,444781	69,695472	68,855073	68,478395	63,204919	63,115174	62,846943	63,004188	62,063066	57,677664	23,898493	-55812,949991
377,000000	20,554000	68,494316	69,741718	68,915355	68,536512	63,266705	63,187563	62,862967	63,089716	62,128275	57,750581	23,953650	-55814,628020
378,000000	20,554000	68,536509	69,782176	68,952851	68,570079	63,313879	63,222955	62,849759	63,113400	62,115212	57,825690	23,985191	-55812,198256
379,000000	20,554000	68,585169	69,829085	69,001240	68,607408	63,373046	63,280990	62,893868	63,178916	62,176351	57,881072	24,072172	-55812,198125
380,000000	20,554000	68,635080	69,869249	69,035437	68,640230	63,410562	63,332126	62,920643	63,134735	62,239298	57,928714	24,115393	-55810,854122
381,000000	20,554000	68,701069	69,934778	69,099466	68,681106	63,493791	63,403522	62,903384	63,191749	62,208750	57,961338	24,127003	-55813,090396
382,000000	20,554000	68,741369	69,980190	69,131414	68,717102	63,538532	63,451558	62,843583	63,174212	62,303689	58,009002	24,152636	-55812,778308
383,000000	20,554000	68,787179	70,021502	69,175128	68,739716	63,588341	63,504769	62,868104	63,210094	62,334002	58,034134	24,141852	-55812,191193
384,000000	20,554000	68,834055	70,065690	69,212133	68,768914	63,635893	63,549023	62,967529	63,299974	62,391926	58,070119	24,092755	-55810,862527
385,000000	20,554000	68,889514	70,119109	69,255210	68,810101	63,686363	63,596046	63,106511	63,409933	62,492125	58,115867	24,078034	-55812,121166
386,000000	20,554000	68,929097	70,159233	69,286219	68,847536	63,731949	63,655361	63,299279	63,554721	62,661035	58,237612	24,077279	-55810,009341
387,000000	20,554000	68,993130	70,209551	69,336884	68,894393	63,791775	63,712241	63,440027	63,657682	62,793946	58,420751	23,998558	-55811,988230
388,000000	20,554000	69,030448	70,254081	69,376950	68,938128	63,839658	63,758109	63,520604	63,768913	62,886505	58,558871	23,951173	-55810,936214
389,000000	20,554000	69,084534	70,307804	69,427312	68,977619	63,897798	63,811160	63,568664	63,836453	62,926965	58,678385	23,942278	-55811,698169
390,000000	20,554000	69,146030	70,346595	69,481514	69,033158	63,955474	63,874552	63,609342	63,897735	63,066613	58,762810	23,932991	-55812,514685
391,000000	20,554000	69,188780	70,396857	69,526716	69,085635	64,006000	63,927594	63,712723	63,956771	63,122951	58,843002	23,893579	-55811,057745
392,000000	20,554000	69,233146	70,447093	69,579477	69,139696	64,061584	63,972561	63,778291	64,043659	63,189440	58,899119	23,857193	-55811,311701
393,000000	20,554000	69,288805	70,496179	69,631588	69,197895	64,112735	64,024871	63,764077	64,022337	63,193143	58,964687	23,837281	-55812,273166
394,000000	20,554000	69,341074	70,555275	69,682798	69,244986	64,171584	64,075594	63,709866	63,914564	63,055683	58,943710	23,838969	-55812,469124
395,000000	20,554000	69,379085	70,590518	69,731475	69,292128	64,217997	64,122823	63,578423	63,887697	62,990492	58,897288	23,843717	-55811,564453
396,000000	20,554000	69,448360	70,638654	69,790288	69,355251	64,273766	64,194665	63,595318	64,017819	63,202574	59,037802	23,872310	-55812,540978
397,000000	20,554000	69,490505	70,692947	69,837374	69,397587	64,315576	64,235131	63,773069	64,117473	63,301250	59,108756	23,915072	-55812,699761
398,000000	20,554000	69,536022	70,736588	69,877975	69,439442	64,361485	64,281435	63,892125	64,245098	63,364733	59,132818	23,952861	-55811,731591
399,000000	20,554000	69,584917	70,784020	69,926590	69,483728	64,409283	64,324943	64,031649	64,325494	63,438582	59,234978	23,970749	-55811,143774
400,000000	20,554000	69,642018	70,840022	69,990729	69,542782	64,480727	64,390099	64,168355	64,418035	63,595512	59,379788	23,976453	-55814,086437
401,000000	20,554000	69,677669	70,883683	70,026158	69,576737	64,530118	64,438361	64,158501	64,432350	63,690535	59,469041	23,991633	-55811,126461
402,000000	20,554000	69,728210	70,929516	70,074366	69,623936	64,579053	64,487937	64,060742	64,385422	63,677299	59,517048	24,002885	-55810,929449
403,000000	20,554000	69,780449	70,988124	70,121756	69,660990	64,638371	64,548604	64,058089	64,426424	63,647845	59,509320	23,991654	-55810,774572
404,000000	20,554000	69,821347	71,021618	70,161942	69,702572	64,686605	64,595989	64,084629	64,450702	63,607006	59,487989	23,988116	-55810,016194
405,000000	20,554000	69,872962	71,077999	70,209147	69,745555	64,744427	64,650842	64,153468	64,494129	63,650218	59,555155	23,982564	-55811,252164
406,000000	20,554000	69,945381	71,139429	70,272932	69,792072	64,802360	64,717462	64,230553	64,549056	63,709363	59,655765	23,978952	-55812,745619
407,000000	20,554000	69,986936	71,182534	70,300250	69,837990	64,857643	64,759059	64,341455	64,641129	63,746680	59,664941	23,958633	-55811,732806
408,000000	20,554000	70,026489	71,220783	70,337411	69,879127	64,896650	64,809135	64,388255	64,683851	63,782588	59,688529	23,958428	-55810,142383
409,000000	20,554000	70,079178	71,270748	70,383631	69,918019	64,948046	64,867113	64,431962	64,741365	63,846726	59,754932	23,971625	-55810,325156
410,000000	20,554000	70,126612	71,327380	70,436551	69,959288	65,000677	64,915841	64,508334	64,845352	63,952119	59,869763	23,997521	-55811,816375
411,000000	20,554000	70,185457	71,375548	70,489700	70,009899	65,064280	64,975206	64,647651	64,952375	64,104796	60,000416	24,032330	-55812,064326
412,000000	20,554000	70,220809	71,419182	70,519818	70,043009	65,110929	65,015435	64,771287	65,032602	64,186206	60,106791	24,019355	-55810,567759
413,000000	20,554000	70,265662	71,461224	70,567580	70,088648	65,152328	65,062824	64,808338	65,066645	64,230671	60,144485	23,979638	-55809,708396
414,000000	20,554000	70,318855	71,510474	70,609642	70,140308	65,201913	65,113560	64,866636	65,121979	64,300409	60,204799	23,975807	-55810,661349
415,000000	20,554000	70,371865	71,555853	70,663202	70,194890	65,248393	65,161858	64,932042	65,185156	64,421546	60,303760	23,921480	-55810,899913
416,000000	20,554000	70,420286	71,604799	70,710783	70,241987	65,292990	65,210595	64,947440	65,215428	64,462756	60,409297	23,806958	-55809,659185
417,000000	20,554000	70,468877	71,652174	70,764617	70,307833	65,340170	65,263798	64,895763	65,176175	64,488677	60,458501	23,847636	-55810,955145
418,000000	20,554000	70,515785	71,694737	70,811398	70,361665	65,378681	65,291539	64,910556	65,189415	64,453809	60,463830	23,955891	-55810,187430
419,000000	20,554000	70,557564	71,735246	70,853833	70,402912	65,410128	65,319314	64,990205	65,239393	64,452907	60,468995	23,951022	-55808,531438
420,000000	20,554000	70,608041	71,779772	70,912854	70,468957	65,451359	65,363652	65,044678	65,280883	64,534822	60,484071	23,906679	-55809,624156
421,000000	20,554000	70,667118	71,849790	70,973361	70,542520	65,502750	65,422902	65,118542	65,368618	64,623699	60,546125	23,878540	-55812,347287
422,000000	20,554000	70,715600	71,894273	71,023955	70,592629	65,541246	65,461320	65,172581	65,434753	64,651084	60,625382	23,878584	-55811,862592
423,000000	20,554000	70,758002	71,935405	71,068677	70,645615	65,584019	65,500360	65,228224	65,488796	64,650610	60,699574	23,898251	-55811,619167
424,000000	20,554000	70,797503	71,970719	71,114644	70,690082	65,622700	65,540552	65,286850	65,526499	64,756421	60,762815	23,926892	-55810,460177
425,000000	20,554000	70,853320	72,024541	71,167095	70,753902	65,679400	65,592115	65,332065	65,579021	64,898791	60,858958	23,947522	-55811,878961
426,000000	20,554000	70,898129	72,073396	71,222328	70,808513	65,726315	65,638756	65,385522	65,634354	65,014711	60,959452	23,935638	-55810,735686
427,000000	20,554000	70,946972	72,125441	71,272552	70,856126	65,784706	65,692988	65,468285	65,702040	65,063385	61,011649	23,907754	-55811,520311
428,000000	20,554000	70,989359	72,167948	71,315028	70,893615	65,832597	65,738768	65,540125	65,783110	65,121834	61,065140	23,888914	-55811,121265
429,000000	20,554000	71,028545	72,214215	71,349715	70,925679	65,878248	65,784128	65,574806	65,801999	65,154515	61,110838	23,880671	-55810,248286
430,000000	20,554000	71,072193	72,259683	71,393433	70,963959	65,919338	65,826079	65,631479	65,838593	65,166715	61,159844	23,875362	-55809,762280
431,000000	20,554000	71,120742	72,312407	71,442751	71,011014	65,972939	65,874174	65,660242	65,866038	65,239367	61,216078	23,899818	-55810,007707
432,000000	20,554000	71,178502	72,361772	71,483862	71,054700	66,023491	65,934942	65,627242	65,835011	65,304175	61,289416	23,902328	-55811,649454
433,000000	20,554000	71,222436	72,405649	71,522553	71,092620	66,063900	65,976795	65,624788	65,904935	65,340763	61,344112	23,900865	-55810,812745
434,000000	20,554000	71,261483	72,444787	71,559512	71,143158	66,102698	66,009074	65,743624	66,001096	65,389680	61,400445	23,898508	-55810,337385
435,000000	20,554000	71,304497	72,493584	71,607691	71,181934	66,145869	66,058437	65,808631	66,072082	65,443852	61,460687	23,901527	-55810,580629
436,000000	20,554000	71,348205	72,527714	71,646974	71,221176	66,190317	66,095704	65,831636	66,055262	65,468157	61,503391	23,910029	-55807,953670
437,000000	20,554000	71,397938	72,571296	71,696579	71,276426	66,236123	66,141126	65,909715	66,153737	65,496250	61,529067	23,953679	-55808,641591
438,000000	20,554000	71,443146	72,626000	71,750711	71,333698	66,286921	66,194214	65,973267	66,219761	65,554155	61,575022	23,999235	-55810,317397
439,000000	20,554000	71,479665	72,663833	71,796603	71,383559	66,322372	66,231219	66,025230	66,258766	65,602882	61,635413	24,005654	-55809,071018
440,000000	20,554000	71,531914	72,710344	71,846859	71,450146	66,369188	66,287300	66,080348	66,308117	65,634737	61,692484	24,069860	-55810,330839
441,000000	20,554000	71,589749	72,764794	71,904650	71,500005	66,431623	66,344136	66,068340	66,343364	65,727861	61,757581	24,083719	-55810,751862
442,000000	20,554000	71,632811	72,805266	71,949901	71,560154	66,486033	66,389045	66,074075	66,337418	65,736436	61,815009	24,047852	-55810,440708
443,000000	20,554000	71,670237	72,853242	71,994451	71,607902	66,529686	66,438734	66,108431	66,391518	65,742898	61,822652	24,042594	-55810,013931
444,000000	20,554000	71,717618	72,902816	72,052589	71,661729	66,577086	66,485543	66,134704	66,446974	65,765779	61,870354	24,050656	-55810,241855
445,000000	20,554000	71,757618	72,936412	72,084599	71,706255	66,615943	66,530556	66,203856	66,507550	65,850063	61,941392	24,023204	-55808,849302
446,000000	20,554000	71,807588	72,984611	72,139304	71,769105	66,674382	66,585632	66,301803	66,588444	65,961048	62,032278	24,004938	-55809,170257
447,000000	20,554000	71,855944	73,034742	72,190178	71,821264	66,724737	66,630579	66,404150	66,665462	66,051196	62,132602	23,974789	-55809,522296
448,000000	20,554000	71,907290	73,076677	72,233926	71,873531	66,783416	66,691292	66,489620	66,723585	66,122286	62,208273	23,971882	-55811,003356
449,000000	20,554000	71,956551	73,119866	72,285554	71,910859	66,826598	66,743017	66,537711	66,781518	66,181652	62,270863	23,966129	-55810,876642
450,000000	20,554000	72,000606	73,166849	72,325444	71,943922	66,867124	66,787730	66,559048	66,821943	66,232032	62,326772	23,942282	-55810,484393
451,000000	20,554000	72,060315	73,219841	72,374211	71,967433	66,922758	66,841293	66,579302	66,839597	66,253009	62,375896	23,938841	-55808,952969
452,000000	20,554000	72,098403	73,260107	72,406139	72,018793	66,977005	66,891463	66,674764	66,904488	66,321412	62,426984	23,957260	-55809,433176
453,000000	20,554000	72,139417	73,305202	72,447469	72,057682	67,026529	66,941179	66,721059	66,969989	66,386033	62,488775	24,008388	-55809,926227
454,000000	20,554000	72,182536	73,356283	72,483426	72,098706	67,077223	66,987264	66,734929	66,962533	66,431728	62,557263	24,025356	-55810,204496
455,000000	20,554000	72,233593	73,403799	72,529160	72,134943	67,118524	67,031673	66,768790	67,003736	66,443918	62,558962	24,034763	-55810,628600
456,000000	20,554000	72,285270	73,439445	72,566247	72,171744	67,171795	67,076463	66,769785	67,027856	66,491388	62,610837	24,025607	-55809,318302
457,000000	20,554000	72,331544	73,494089	72,612073	72,210195	67,214697	67,123275	66,855624	67,097927	66,544775	62,656680	24,003208	-55810,090945
458,000000	20,554000	72,368343	73,531264	72,648626	72,247400	67,251323	67,159295	66,939367	67,182912	66,540174	62,688694	23,960199	-55809,157520
459,000000	20,554000	72,406784	73,569107	72,699322	72,290414	67,293811	67,200622	66,978710	67,193480	66,555636	62,719688	23,939699	-55808,171184
460,000000	20,554000	72,456213	73,614618	72,745884	72,354113	67,338334	67,245250	66,999772	67,249411	66,615812	62,765821	23,949849	-55809,384132
461,000000	20,554000	72,509628	73,668271	72,786928	72,400260	67,375110	67,288993	67,006789	67,266621	66,696815	62,835617	23,912933	-55808,682591
462,000000	20,554000	72,562419	73,710760	72,839946	72,453523	67,425066	67,333229	67,042099	67,261338	66,749640	62,909678	23,917213	-55810,497319
463,000000	20,554000	72,606644	73,749208	72,883860	72,495624	67,460850	67,365733	67,066304	67,288609	66,774092	62,947384	23,917034	-55809,236481
464,000000	20,554000	72,641569	73,782814	72,918734	72,548281	67,494521	67,404142	67,107926	67,337056	66,780981	62,956089	23,897196	-55808,083113
465,000000	20,554000	72,688749	73,825219	72,968986	72,600928	67,535022	67,437213	67,172382	67,424459	66,856816	63,008062	23,880963	-55807,767175
466,000000	20,554000	72,743265	73,881567	73,023451	72,667067	67,585881	67,501288	67,260448	67,487531	66,937468	63,113211	23,893828	-55809,757991
467,000000	20,554000	72,782089	73,929431	73,076915	72,715736	67,626333	67,534693	67,309336	67,502288	66,969615	63,147173	23,877177	-55810,058033
468,000000	20,554000	72,830851	73,971508	73,115466	72,763968	67,663052	67,574271	67,291266	67,571343	66,978441	63,169065	23,858764	-55809,903653
469,000000	20,554000	72,876135	74,024396	73,170720	72,811825	67,707665	67,619315	67,217765	67,520808	66,962743	63,210653	23,849703	-55810,501155
470,000000	20,554000	72,911789	74,058557	73,208793	72,859298	67,740712	67,653482	67,270655	67,561195	67,052510	63,242486	23,843144	-55809,653311
471,000000	20,554000	72,965765	74,111871	73,260301	72,912991	67,778986	67,694577	67,277439	67,637834	66,999836	63,238106	23,829670	-55809,412458
472,000000	20,554000	73,008981	74,156905	73,299435	72,961803	67,814579	67,723900	67,263216	67,605743	67,035196	63,247845	23,830598	-55809,512158
473,000000	20,554000	73,037580	74,195910	73,339093	72,999609	67,839138	67,745620	67,304668	67,661861	67,121586	63,307694	23,832128	-55807,828049
474,000000	20,554000	73,081008	74,231281	73,383314	73,039482	67,861998	67,777123	67,320833	67,674914	67,154897	63,336857	23,816753	-55807,743155
475,000000	20,554000	73,131766	74,270989	73,427033	73,096315	67,899772	67,815151	67,314978	67,637475	67,181491	63,336610	23,795256	-55808,838468
476,000000	20,554000	73,184828	74,321035	73,478824	73,140153	67,933260	67,842156	67,416186	67,692711	67,183904	63,377054	23,781772	-55809,324854
477,000000	20,554000	73,214295	74,355916	73,507795	73,173689	67,955197	67,860797	67,395386	67,628075	67,206185	63,393026	23,767250	-55807,048305
478,000000	20,554000	73,253226	74,399376	73,553869	73,212743	67,978675	67,888468	67,464566	67,758855	67,272564	63,450080	23,771718	-55807,728046
479,000000	20,554000	73,302099	74,447354	73,603378	73,269397	68,016697	67,919310	67,618805	67,900378	67,294850	63,497778	23,766719	-55808,927777
480,000000	20,554000	73,334321	74,490074	73,638508	73,318776	68,052142	67,958324	67,610450	67,917998	67,301509	63,506708	23,760181	-55809,364159
481,000000	20,554000	73,378197	74,526035	73,689271	73,371163	68,079524	67,992427	67,572286	67,923102	67,440596	63,594776	23,756666	-55808,756775
482,000000	20,554000	73,419049	74,575427	73,733294	73,414865	68,123323	68,033112	67,675889	67,987898	67,482623	63,684590	23,755143	-55809,502938
483,000000	20,554000	73,447690	74,609861	73,778753	73,453687	68,155053	68,065251	67,791222	68,063425	67,491246	63,735642	23,742634	-55809,167428
484,000000	20,554000	73,484560	74,650568	73,818565	73,497547	68,205737	68,104717	67,855694	68,109003	67,568776	63,814691	23,752267	-55809,249692
485,000000	20,554000	73,529145	74,700809	73,864840	73,529590	68,239274	68,154985	67,907176	68,136626	67,630924	63,869993	23,767497	-55810,234558
486,000000	20,554000	73,563977	74,737750	73,897070	73,556497	68,285729	68,191097	67,904060	68,158889	67,634804	63,913571	23,743027	-55808,246611
487,000000	20,554000	73,606365	74,775240	73,928596	73,588216	68,330456	68,228954	67,989236	68,227931	67,630892	63,915209	23,743776	-55808,551246
488,000000	20,554000	73,658033	74,810950	73,964251	73,617337	68,370353	68,272680	68,019458	68,251237	67,711640	63,975860	23,737190	-55809,228453
489,000000	20,554000	73,684026	74,851911	73,994920	73,653123	68,414036	68,310512	68,050091	68,294859	67,734767	64,002496	23,724628	-55808,509358
490,000000	20,554000	73,723153	74,886701	74,032185	73,686179	68,452512	68,345813	68,101871	68,351550	67,784680	64,069790	23,731187	-55808,603863
491,000000	20,554000	73,778115	74,929889	74,072418	73,715443	68,497870	68,395072	68,173986	68,426602	67,907954	64,151531	23,733122	-55808,519896
492,000000	20,554000	73,819511	74,978953	74,107799	73,753725	68,542669	68,442467	68,259570	68,468676	67,988361	64,222540	23,740702	-55810,102374
493,000000	20,554000	73,851920	75,007559	74,141450	73,778416	68,577983	68,477986	68,278959	68,483589	68,017160	64,257215	23,720038	-55808,168094
494,000000	20,554000	73,897755	75,051641	74,180890	73,823047	68,627822	68,528881	68,309810	68,504912	68,044806	64,323739	23,727180	-55808,823507
495,000000	20,554000	73,923653	75,085063	74,220063	73,862662	68,664165	68,569062	68,331065	68,534123	68,042864	64,349505	23,727238	-55807,928776
496,000000	20,554000	73,988018	75,146288	74,272031	73,930850	68,721020	68,631067	68,372791	68,593406	68,139992	64,426411	23,732329	-55810,821904
497,000000	20,554000	74,024536	75,180864	74,314518	73,963970	68,761724	68,670034	68,432955	68,633242	68,101304	64,465952	23,709474	-55809,314302
498,000000	20,554000	74,051743	75,209054	74,346772	73,994684	68,796362	68,697361	68,454413	68,724152	68,205498	64,472865	23,692537	-55807,417143
499,000000	20,554000	74,091754	75,244072	74,388614	74,031110	68,842639	68,740272	68,509803	68,786389	68,305087	64,562585	23,706152	-55807,362934
500,000000	20,554000	74,145363	75,297746	74,442968	74,089241	68,898406	68,804118	68,567797	68,834080	68,375086	64,656359	23,730687	-55809,939275
501,000000	20,554000	74,198266	75,333944	74,484968	74,120766	68,938477	68,856685	68,626789	68,868244	68,410679	64,722571	23,729407	-55809,012118
502,000000	20,554000	74,225005	75,370554	74,515800	74,162603	68,985211	68,891024	68,679443	68,933031	68,454237	64,777591	23,740698	-55807,704456
503,000000	20,554000	74,266639	75,410756	74,556581	74,206909	69,030485	68,936341	68,726351	68,974358	68,486708	64,835578	23,750462	-55807,304129
504,000000	20,554000	74,311522	75,453648	74,612274	74,250198	69,082005	68,991372	68,772763	69,019414	68,532574	64,907184	23,769943	-55808,088720
505,000000	20,554000	74,354368	75,494818	74,644989	74,285948	69,139166	69,042387	68,832612	69,083225	68,606764	64,974254	23,794877	-55809,397943
506,000000	20,554000	74,391985	75,536232	74,690240	74,318133	69,186888	69,098226	68,858777	69,111582	68,615759	65,003457	23,808298	-55807,424916
507,000000	20,554000	74,438288	75,579193	74,730803	74,364230	69,232672	69,144721	68,874616	69,145556	68,657146	65,050187	23,891616	-55808,325510
508,000000	20,554000	74,480206	75,611558	74,767543	74,394932	69,268374	69,181511	68,855880	69,086096	68,590564	65,042416	23,952126	-55807,785779
509,000000	20,554000	74,521255	75,650244	74,810948	74,434105	69,292351	69,215606	68,671820	69,040501	68,422344	64,965627	23,970792	-55807,638175
510,000000	20,554000	74,554621	75,695813	74,846702	74,476810	69,310597	69,231005	68,530963	69,042775	68,385629	64,941570	23,977846	-55807,247267
511,000000	20,554000	74,610224	75,735824	74,895807	74,520648	69,321881	69,245156	68,567599	69,072387	68,462708	64,943362	24,002639	-55807,880941
512,000000	20,554000	74,646589	75,777128	74,930980	74,561696	69,338775	69,248313	68,498801	69,013652	68,343444	64,948941	24,008688	-55808,499684
513,000000	20,554000	74,679750	75,806561	74,956501	74,598868	69,348788	69,263722	68,554936	68,903228	68,205016	64,951425	24,035534	-55807,957945
514,000000	20,554000	74,725248	75,840016	74,990835	74,633639	69,368542	69,285437	68,571464	68,940205	68,262347	64,886928	24,095600	-55807,789531
515,000000	20,554000	74,765442	75,874777	75,022232	74,676030	69,402839	69,322944	68,762199	69,138693	68,471613	64,885218	24,116670	-55808,582116
516,000000	20,554000	74,811892	75,922967	75,071909	74,734876	69,444521	69,352649	68,912304	69,212386	68,743872	65,078103	24,106729	-55809,542744
517,000000	20,554000	74,843473	75,960705	75,101722	74,773741	69,476764	69,385166	68,976496	69,239536	68,775070	65,176911	24,097604	-55809,056735
518,000000	20,554000	74,881344	76,001749	75,143917	74,819941	69,510087	69,417359	69,088192	69,360809	68,868146	65,261580	24,025793	-55809,779524
519,000000	20,554000	74,918834	76,032189	75,185882	74,866602	69,544297	69,449727	69,163968	69,418513	68,958600	65,346853	23,970153	-55809,300350
520,000000	20,554000	74,947852	76,070200	75,222731	74,904198	69,579314	69,486924	69,198003	69,467584	69,006734	65,415892	23,990408	-55809,206502
521,000000	20,554000	74,995237	76,113694	75,268195	74,948580	69,625444	69,528934	69,245663	69,522108	69,082247	65,493339	24,033978	-55809,684703
522,000000	20,554000	75,025434	76,146524	75,303298	74,980347	69,658628	69,560716	69,278090	69,567037	69,106058	65,529833	24,031329	-55808,734084
523,000000	20,554000	75,054030	76,181970	75,339423	75,014415	69,696127	69,601991	69,297996	69,599931	69,082829	65,523802	24,003565	-55807,688528
524,000000	20,554000	75,088029	76,222118	75,375465	75,050063	69,751284	69,653470	69,357610	69,625757	69,116580	65,549501	23,976851	-55808,291475
525,000000	20,554000	75,131082	76,256040	75,420794	75,079228	69,795810	69,708813	69,385202	69,684158	69,231874	65,638168	23,957403	-55809,066695
526,000000	20,554000	75,171915	76,295516	75,455325	75,114021	69,851879	69,749866	69,438613	69,709784	69,283632	65,721501	23,933166	-55807,725274
527,000000	20,554000	75,209357	76,329191	75,480921	75,134062	69,895571	69,788331	69,495825	69,810444	69,352602	65,783810	23,919725	-55807,159119
528,000000	20,554000	75,240163	76,368256	75,530905	75,167924	69,941687	69,838429	69,606247	69,873187	69,360217	65,833997	23,873553	-55807,645830
529,000000	20,554000	75,283949	76,408401	75,569380	75,200647	69,983999	69,875792	69,618965	69,870954	69,383318	65,868675	23,841860	-55807,801872
530,000000	20,554000	75,319802	76,472691	75,613496	75,232305	70,026039	69,921555	69,609559	69,865344	69,388641	65,874419	23,828924	-55808,760287
531,000000	20,554000	75,363072	76,500794	75,650805	75,259852	70,051606	69,961539	69,631086	69,954109	69,406479	65,931686	23,829184	-55806,977309
532,000000	20,554000	75,397550	76,529095	75,681222	75,283718	70,084663	69,995858	69,741949	69,987835	69,498764	65,976134	23,845300	-55806,425776
533,000000	20,554000	75,436953	76,566316	75,719344	75,308865	70,130528	70,038675	69,804586	70,024771	69,569376	66,033309	23,862413	-55807,324627
534,000000	20,554000	75,481528	76,610079	75,754577	75,328354	70,174450	70,080710	69,830682	70,093553	69,618477	66,082899	23,878977	-55808,625780
535,000000	20,554000	75,512809	76,642437	75,776761	75,345195	70,207531	70,115432	69,836228	70,103360	69,588680	66,086239	23,866915	-55807,380328
536,000000	20,554000	75,551733	76,677903	75,808350	75,372381	70,252795	70,159648	69,828022	70,086685	69,657222	66,117673	23,825725	-55806,333023
537,000000	20,554000	75,593532	76,719586	75,845413	75,406465	70,290049	70,197136	69,801631	70,080393	69,707997	66,210458	23,824358	-55806,553375
538,000000	20,554000	75,631459	76,748643	75,879151	75,432691	70,323734	70,231064	69,813651	70,127559	69,736898	66,272752	23,827423	-55806,344860
539,000000	20,554000	75,672425	76,781010	75,908668	75,465342	70,363902	70,267363	69,948716	70,171863	69,770334	66,314023	23,895807	-55806,865966
540,000000	20,554000	75,702732	76,819467	75,931589	75,504772	70,390851	70,301100	70,005443	70,214628	69,794797	66,324302	23,933029	-55805,955161
541,000000	20,554000	75,746417	76,859549	75,971783	75,541953	70,430986	70,339761	70,040878	70,313460	69,822858	66,392945	23,890943	-55806,498364
542,000000	20,554000	75,788327	76,905586	76,020473	75,578962	70,474642	70,379352	70,035217	70,319692	69,859753	66,406318	23,922736	-55808,153791
543,000000	20,554000	75,814628	76,933526	76,053276	75,611825	70,497374	70,397882	69,940380	70,266931	69,873851	66,406134	23,886749	-55806,945472
544,000000	20,554000	75,852865	76,965516	76,089001	75,668901	70,509247	70,421765	69,888593	70,195205	69,851659	66,398244	23,833471	-55807,157191
545,000000	20,554000	75,891353	76,999551	76,125656	75,716089	70,535593	70,443568	69,985577	70,293126	69,882260	66,365056	23,799605	-55807,031383
546,000000	20,554000	75,929839	77,042962	76,172806	75,766140	70,553463	70,463067	70,005479	70,298586	69,924764	66,369919	23,782965	-55807,706913
547,000000	20,554000	75,968888	77,073799	76,207447	75,807544	70,582136	70,484915	69,997046	70,308608	69,955076	66,430639	23,773940	-55807,008692
548,000000	20,554000	76,005267	77,111487	76,242957	75,847673	70,605656	70,514707	70,053111	70,393672	69,954604	66,475484	23,779781	-55807,250712
549,000000	20,554000	76,034255	77,135318	76,269466	75,889160	70,632918	70,539688	70,158523	70,501169	70,015965	66,531681	23,757543	-55806,076057
550,000000	20,554000	76,058379	77,165945	76,305108	75,933289	70,656468	70,566627	70,144756	70,511752	70,044709	66,591899	23,737375	-55805,647762
551,000000	20,554000	76,107765	77,210100	76,359870	75,991852	70,698354	70,612413	70,212873	70,537467	70,121263	66,667174	23,761098	-55808,546231
552,000000	20,554000	76,140179	77,238076	76,388856	76,028938	70,729512	70,631300	70,334491	70,585930	70,190422	66,700209	23,773001	-55806,955534
553,000000	20,554000	76,181976	77,282378	76,427484	76,079160	70,765668	70,669599	70,351112	70,634510	70,170187	66,743193	23,770797	-55807,727294
554,000000	20,554000	76,211020	77,317948	76,460864	76,113079	70,800846	70,701017	70,352617	70,660909	70,183174	66,777468	23,731481	-55807,111335
555,000000	20,554000	76,243796	77,347940	76,501344	76,140772	70,835144	70,727106	70,399861	70,706964	70,211856	66,809450	23,756631	-55806,060727
556,000000	20,554000	76,276352	77,377090	76,529357	76,186343	70,867340	70,773504	70,368568	70,634294	70,288435	66,881198	23,755661	-55805,523156
557,000000	20,554000	76,314986	77,418545	76,574414	76,233257	70,909955	70,808994	70,469030	70,696486	70,336152	66,922328	23,775669	-55806,921813
558,000000	20,554000	76,352233	77,456754	76,611288	76,272397	70,945665	70,844651	70,521242	70,767802	70,383131	66,965349	23,766572	-55806,710284
559,000000	20,554000	76,386804	77,488020	76,645350	76,304856	70,983413	70,884577	70,547869	70,832367	70,438706	67,032179	23,748603	-55806,626698
560,000000	20,554000	76,412903	77,507594	76,674657	76,329589	71,021619	70,922571	70,574343	70,845489	70,435757	67,074132	23,729651	-55806,075553
561,000000	20,554000	76,454545	77,553359	76,724189	76,371661	71,061263	70,967962	70,683987	70,902082	70,534801	67,119742	23,748148	-55806,279154
562,000000	20,554000	76,486850	77,581814	76,764077	76,412401	71,113011	71,013681	70,746010	70,999287	70,633986	67,184732	23,786605	-55807,474609
563,000000	20,554000	76,526553	77,615964	76,787980	76,442981	71,152447	71,057461	70,775589	71,047824	70,677988	67,262860	23,814820	-55806,928479
564,000000	20,554000	76,566195	77,651158	76,829390	76,480170	71,192561	71,094768	70,801760	71,081153	70,726713	67,331280	23,790766	-55806,898907
565,000000	20,554000	76,589430	77,679205	76,863611	76,512203	71,233566	71,134915	70,829415	71,102691	70,750217	67,360084	23,760752	-55806,545462
566,000000	20,554000	76,640189	77,736067	76,913751	76,557095	71,292668	71,190169	70,798885	71,091608	70,729572	67,402132	23,785988	-55808,226336
567,000000	20,554000	76,670492	77,767655	76,938968	76,584708	71,333527	71,237412	70,810015	71,048447	70,622231	67,343183	23,809870	-55807,336708
568,000000	20,554000	76,703778	77,799879	76,973232	76,615094	71,373179	71,279237	70,847757	71,053311	70,687037	67,301536	23,838371	-55806,892132
569,000000	20,554000	76,741768	77,831703	77,008880	76,643001	71,409770	71,318008	70,821659	71,026407	70,698572	67,270416	23,790083	-55807,175474
570,000000	20,554000	76,781298	77,873569	77,039195	76,661020	71,439445	71,345241	70,858014	71,043770	70,659880	67,221557	23,809028	-55807,182589
571,000000	20,554000	76,816727	77,902597	77,079995	76,694947	71,461499	71,373279	70,919325	71,153319	70,806977	67,238445	23,872336	-55806,173131
572,000000	20,554000	76,848886	77,935797	77,111815	76,721303	71,499935	71,407140	70,970044	71,200868	70,875503	67,356620	23,876139	-55805,999636
573,000000	20,554000	76,885957	77,966534	77,132194	76,754700	71,531935	71,434748	71,018651	71,220937	70,890320	67,453561	23,837113	-55805,338059
574,000000	20,554000	76,924406	77,998233	77,168240	76,791356	71,569311	71,469179	71,073245	71,290549	70,888497	67,506815	23,849199	-55805,762477
575,000000	20,554000	76,959835	78,033974	77,211925	76,828033	71,606152	71,504182	71,149765	71,387305	70,911651	67,448373	23,868045	-55806,048757
576,000000	20,554000	77,008043	78,075726	77,237404	76,872706	71,645353	71,550174	71,103226	71,463428	71,007034	67,537517	23,862888	-55806,720794
577,000000	20,554000	77,047329	78,112944	77,275860	76,913531	71,685510	71,594258	71,052930	71,405205	70,848290	67,570152	23,865454	-55806,730410
578,000000	20,554000	77,071940	78,139264	77,300195	76,953743	71,717670	71,620324	71,012576	71,369793	70,986150	67,653375	23,901817	-55805,427026
579,000000	20,554000	77,104184	78,164533	77,331754	76,994148	71,750166	71,651869	71,080145	71,434444	71,069152	67,823431	23,924807	-55805,207936
580,000000	20,554000	77,160362	78,210491	77,373852	77,036478	71,805483	71,703191	71,176807	71,552844	71,125372	67,918244	23,929472	-55808,027120
581,000000	20,554000	77,177114	78,227557	77,395708	77,063174	71,841401	71,732250	71,294393	71,586655	71,071660	67,945864	23,913169	-55804,189921
582,000000	20,554000	77,221431	78,263468	77,437893	77,093109	71,883580	71,780680	71,442001	71,668669	71,154238	67,983993	23,945598	-55805,308186
583,000000	20,554000	77,261807	78,298852	77,465442	77,127260	71,916687	71,819111	71,493649	71,773790	71,230894	68,034322	23,975027	-55805,329468
584,000000	20,554000	77,294134	78,332806	77,508359	77,158034	71,963223	71,863334	71,498036	71,783211	71,322517	68,070848	24,021810	-55806,375300
585,000000	20,554000	77,328679	78,354011	77,531513	77,179720	71,998708	71,890068	71,517651	71,840140	71,332447	68,103638	24,010095	-55805,024534
586,000000	20,554000	77,371577	78,408322	77,566600	77,214380	72,034693	71,927984	71,551903	71,859227	71,382055	68,175106	23,997797	-55805,096903
587,000000	20,554000	77,412648	78,440583	77,607690	77,244328	72,077226	71,976788	71,508872	71,848542	71,445214	68,248189	24,008155	-55806,443166
588,000000	20,554000	77,438768	78,464869	77,632781	77,262542	72,100995	72,001523	71,504280	71,868390	71,528962	68,285462	23,992541	-55805,399334
589,000000	20,554000	77,481917	78,499825	77,666202	77,285645	72,134985	72,038581	71,556026	71,926154	71,577676	68,332184	23,977071	-55805,455099
590,000000	20,554000	77,518404	78,536213	77,699324	77,309519	72,157683	72,070235	71,639848	71,979403	71,552743	68,335326	23,984647	-55805,652757
591,000000	20,554000	77,547040	78,567584	77,727410	77,344516	72,210488	72,100779	71,772940	72,040537	71,507889	68,292350	23,976608	-55805,194947
592,000000	20,554000	77,581477	78,604574	77,765353	77,380107	72,234543	72,138050	71,833058	72,096770	71,582587	68,323820	23,958466	-55805,332205
593,000000	20,554000	77,618443	78,650621	77,802115	77,418961	72,276356	72,183124	71,879166	72,140541	71,677042	68,431775	23,917455	-55806,410426
594,000000	20,554000	77,649505	78,677158	77,830981	77,437234	72,309083	72,213058	71,879926	72,171885	71,745264	68,510826	23,892402	-55805,333746
595,000000	20,554000	77,678321	78,707229	77,867073	77,468768	72,343752	72,251536	71,891187	72,196548	71,733964	68,565504	23,891555	-55805,032715
596,000000	20,554000	77,712805	78,744539	77,907646	77,518085	72,393582	72,293163	71,986027	72,237593	71,807717	68,578086	23,924871	-55806,233727
597,000000	20,554000	77,749866	78,779403	77,929698	77,542012	72,434547	72,333844	71,926828	72,146825	71,682321	68,525012	23,918581	-55806,041773
598,000000	20,554000	77,786852	78,812956	77,968372	77,582124	72,477070	72,374937	71,959428	72,200180	71,687453	68,483098	23,918255	-55806,312868
599,000000	20,554000	77,819603	78,843655	78,000508	77,608116	72,513963	72,417592	72,003331	72,318552	71,774787	68,540240	23,911103	-55806,237830
600,000000	20,554000	77,850608	78,866632	78,029233	77,630627	72,553981	72,458727	72,061123	72,377947	71,832256	68,625720	23,892836	-55805,191017
601,000000	20,554000	77,895845	78,912786	78,065374	77,669479	72,600233	72,502377	72,019662	72,367972	71,857204	68,672402	23,916658	-55805,277849
602,000000	20,554000	77,926971	78,955301	78,103158	77,706290	72,651305	72,545925	71,979561	72,349718	71,900898	68,691013	23,939983	-55806,239241
603,000000	20,554000	77,966169	78,987214	78,136233	77,729849	72,696890	72,595362	71,967688	72,379129	71,927724	68,705432	23,951118	-55806,624521
604,000000	20,554000	78,000459	79,012166	78,163453	77,757191	72,733367	72,631781	71,903682	72,385525	72,012773	68,691506	23,944710	-55805,848757
605,000000	20,554000	78,031210	79,040218	78,187602	77,793271	72,758475	72,666922	71,931460	72,363897	71,994227	68,760458	23,919383	-55805,223921
606,000000	20,554000	78,069736	79,073729	78,224076	77,819682	72,805161	72,696187	72,101382	72,467686	71,959302	68,829202	23,906658	-55804,429026
607,000000	20,554000	78,108554	79,101934	78,245066	77,842373	72,846877	72,748815	72,279521	72,551229	71,934347	68,862364	23,885161	-55804,268232
608,000000	20,554000	78,144523	79,136708	78,274566	77,862701	72,887596	72,789151	72,325454	72,603194	72,172936	68,932644	23,895879	-55805,455487
609,000000	20,554000	78,178940	79,165123	78,301645	77,880469	72,917813	72,819167	72,345899	72,518306	72,133052	68,992069	23,887106	-55804,680589
610,000000	20,554000	78,219937	79,210104	78,331344	77,909915	72,957342	72,861626	72,364931	72,587572	72,109174	68,961864	23,882709	-55804,655397
611,000000	20,554000	78,253454	79,240266	78,354717	77,948348	73,010067	72,913169	72,387218	72,711207	72,217057	69,035769	23,891267	-55805,368400
612,000000	20,554000	78,288817	79,275088	78,381555	77,978130	73,045141	72,945217	72,433474	72,742999	72,302140	69,160843	23,890309	-55804,841515
613,000000	20,554000	78,325452	79,302904	78,406934	78,004250	73,076208	72,977715	72,541486	72,828582	72,361997	69,230298	23,889286	-55803,960545
614,000000	20,554000	78,360513	79,337802	78,433681	78,036145	73,119765	73,013070	72,605222	72,911921	72,429208	69,258495	23,888994	-55803,623372
615,000000	20,554000	78,396269	79,370133	78,471120	78,062217	73,160676	73,054681	72,641826	72,940278	72,413621	69,206429	23,898424	-55805,047635
616,000000	20,554000	78,431523	79,417312	78,504539	78,102749	73,205479	73,098840	72,643908	72,965444	72,444094	69,222360	23,897937	-55804,345191
617,000000	20,554000	78,463357	79,442260	78,538319	78,141680	73,235580	73,137428	72,587779	72,987919	72,468362	69,282628	23,900733	-55803,941992
618,000000	20,554000	78,502425	79,480815	78,583649	78,191308	73,282892	73,174361	72,609981	73,006295	72,459055	69,380425	23,916175	-55805,264417
619,000000	20,554000	78,537001	79,516535	78,618855	78,232731	73,312491	73,211065	72,649326	73,000423	72,440491	69,433118	23,922812	-55805,044066
620,000000	20,554000	78,573283	79,554472	78,663755	78,269301	73,345732	73,251432	72,580565	72,957153	72,370657	69,436085	23,936674	-55805,731924
621,000000	20,554000	78,605840	79,583988	78,698950	78,303177	73,377159	73,283044	72,532328	72,935647	72,359453	69,432788	23,946830	-55804,314324
622,000000	20,554000	78,652544	79,622753	78,742874	78,349952	73,421700	73,319494	72,547594	72,979354	72,423364	69,512617	23,961115	-55806,266254
623,000000	20,554000	78,682748	79,645699	78,768256	78,379548	73,445375	73,344497	72,603103	73,090954	72,578714	69,592768	23,972917	-55804,736187
624,000000	20,554000	78,717330	79,677821	78,802711	78,417397	73,474878	73,370311	72,743354	73,217533	72,758770	69,741507	23,967208	-55804,578419
625,000000	20,554000	78,760506	79,708090	78,839642	78,448849	73,504451	73,396715	72,856346	73,339502	72,838642	69,827291	23,971491	-55804,684842
626,000000	20,554000	78,786989	79,752822	78,879158	78,490008	73,538959	73,448358	72,971692	73,340847	72,848879	69,785935	23,992335	-55804,910338
627,000000	20,554000	78,820264	79,781409	78,914579	78,521568	73,578908	73,481562	72,941621	73,276559	72,768524	69,701165	23,985389	-55804,789733
628,000000	20,554000	78,858500	79,818896	78,953287	78,558720	73,617561	73,521682	72,910245	73,197234	72,714069	69,702435	23,988056	-55805,565806
629,000000	20,554000	78,890462	79,838179	78,982567	78,590839	73,649888	73,549362	72,898366	73,269569	72,801123	69,780734	23,981671	-55804,746184
630,000000	20,554000	78,930163	79,883681	79,021534	78,641901	73,692062	73,591549	72,983381	73,381242	72,890525	69,912933	24,002416	-55806,205876
631,000000	20,554000	78,955902	79,912295	79,049410	78,676362	73,723735	73,623841	73,162562	73,491065	72,985719	69,979555	24,007313	-55804,564168
632,000000	20,554000	78,992775	79,943276	79,090025	78,706346	73,764380	73,662549	73,189916	73,563295	73,059055	70,049408	24,029506	-55804,946382
633,000000	20,554000	79,016524	79,971103	79,119753	78,739840	73,802845	73,702195	73,202695	73,560738	73,038408	70,051129	24,048780	-55805,228135
634,000000	20,554000	79,032713	79,998928	79,154585	78,776930	73,842161	73,738786	73,226581	73,575826	73,034725	70,033744	24,033312	-55805,041034
635,000000	20,554000	79,034464	80,017827	79,184990	78,807285	73,882139	73,777102	73,221755	73,576003	73,063372	70,056820	24,013515	-55804,583740
636,000000	20,554000	79,030169	80,046777	79,221348	78,843152	73,924137	73,821796	73,246328	73,601444	73,022628	70,087935	23,985668	-55805,164572
637,000000	20,554000	79,024435	80,067429	79,250937	78,874650	73,962492	73,862676	73,213565	73,535832	73,014135	70,083484	23,985557	-55805,149317
638,000000	20,554000	79,027511	80,091352	79,285975	78,902769	73,992863	73,895734	73,121840	73,539202	73,092261	70,068516	23,999343	-55804,874000
639,000000	20,554000	79,041741	80,122156	79,318900	78,934684	74,031082	73,937269	73,027204	73,518654	73,028956	70,092588	24,013288	-55805,895946
640,000000	20,554000	79,052235	80,129441	79,348613	78,947785	74,061208	73,964531	72,957218	73,493615	72,958929	70,064533	24,020121	-55804,907630
641,000000	20,554000	79,082585	80,168892	79,382775	78,992726	74,101819	74,002915	72,931674	73,492325	72,943227	70,051089	24,007506	-55805,860109
642,000000	20,554000	79,088236	80,177275	79,404493	79,009201	74,124604	74,019741	72,966970	73,519019	72,974601	70,061752	23,989074	-55804,437541
643,000000	20,554000	79,105537	80,205654	79,437480	79,045303	74,150340	74,048286	72,987894	73,533023	72,959102	70,083136	23,987259	-55805,348257
644,000000	20,554000	79,126287	80,234732	79,463685	79,076266	74,179766	74,071992	72,956747	73,511453	72,942719	70,093579	23,978217	-55805,536214
645,000000	20,554000	79,143598	80,251324	79,489075	79,099647	74,193506	74,096421	73,034383	73,583346	72,968816	70,086582	23,957457	-55804,834768
646,000000	20,554000	79,162363	80,265390	79,520680	79,139518	74,217226	74,118297	73,101812	73,656308	73,020295	70,111557	23,975948	-55804,310066
647,000000	20,554000	79,176811	80,287834	79,539186	79,173941	74,240303	74,147080	73,271501	73,684575	73,084144	70,175911	23,987129	-55804,575600
