Iteração	Potencia	Cond 1	Cond 2	Cond 3	Cond 4	Cond 5	Cond 6	Cond 7	Cond 8	Cond 9	Cond 10	Liquido 1	Liquido 2	Liquido 3	Evap 1	Evap 2	Evap 3	Evap 4	Vapor 1	Vapor 2	Vapor 3	Tamb	Evap 3I	Evap 2I	
1,000000	63,325000	40,530908	40,257811	40,686140	38,310607	33,307337	31,813767	29,656292	25,987904	24,297937	24,015266	22,821513	23,077199
2,000000	63,325000	41,105515	40,847598	41,213061	38,804929	33,567836	32,052692	30,085055	26,505566	24,332102	24,024365	22,821033	23,047909
3,000000	63,325000	41,666769	41,425420	41,735204	39,305657	33,828019	32,297423	30,491099	27,068817	24,382105	24,036525	22,832790	23,046230
4,000000	63,325000	42,180497	41,993491	42,271698	39,812269	34,092270	32,543409	30,866423	27,648427	24,456230	24,045647	22,823678	23,028896
5,000000	63,325000	42,677522	42,567980	42,789504	40,330064	34,401320	32,800738	31,232571	28,242048	24,552184	24,046124	22,820255	23,011890
6,000000	63,325000	43,284180	43,188182	43,352516	40,874592	34,713780	33,089971	31,620092	28,875014	24,721766	24,048606	22,813692	22,984627
7,000000	63,325000	43,773881	43,549999	43,834477	41,351968	35,071992	33,358758	31,964091	29,425387	24,934116	24,059830	22,809540	23,015988
8,000000	63,325000	43,679313	43,411807	44,348881	41,819775	35,473217	33,642096	32,335839	29,999548	25,272639	24,089509	22,824467	23,012656
9,000000	63,325000	43,223417	43,264034	44,896551	42,310493	35,785065	33,932885	32,692142	30,590322	25,746939	24,122792	22,813504	22,979771
10,000000	63,325000	43,142812	43,565280	45,394675	42,811232	36,095987	34,234066	33,043259	31,134060	26,296702	24,156812	22,788614	22,992393
11,000000	63,325000	43,397269	43,976977	45,949366	43,380569	36,493074	34,597057	33,454688	31,728716	26,926245	24,232657	22,796465	22,878345
12,000000	63,325000	43,619940	44,205586	46,385598	43,851501	36,833643	34,890827	33,791954	32,193389	27,448372	24,320615	22,786099	22,917086
13,000000	63,325000	43,958425	44,519887	46,817729	44,307286	37,173889	35,204121	34,110401	32,653889	27,997712	24,430853	22,789862	22,968536
14,000000	63,325000	44,359084	44,854164	47,237626	44,756017	37,493482	35,514929	34,422464	33,092764	28,557713	24,571655	22,806639	22,903023
15,000000	63,325000	44,732426	45,186289	47,648201	45,186804	37,847011	35,827717	34,757120	33,515710	29,129731	24,734229	22,804542	22,918725
16,000000	63,325000	45,060359	45,566427	48,106821	45,689612	38,214289	36,182927	35,092771	33,959584	29,755523	24,945548	22,829663	23,019993
17,000000	63,325000	45,566473	45,929127	48,504328	46,131671	38,546839	36,504696	35,390115	34,352578	30,286330	25,163188	22,840286	23,002410
18,000000	63,325000	45,914794	46,467816	48,891719	46,556271	38,878900	36,805288	35,675551	34,708386	30,788810	25,398684	22,823842	22,960025
19,000000	72,250000	46,171681	46,983132	49,285547	46,981451	39,208279	37,108719	35,962949	35,083244	31,273526	25,645844	22,806432	22,925398
20,000000	72,250000	46,414932	47,424418	49,677722	47,383545	39,532096	37,414603	36,284395	35,418059	31,757068	25,909929	22,788483	22,912124
21,000000	72,250000	46,784439	47,964299	50,120342	47,864735	39,916494	37,771558	36,624684	35,813335	32,309067	26,239621	22,773290	22,877605
22,000000	72,250000	47,132151	48,362895	50,507294	48,269960	40,240016	38,074769	36,912284	36,159803	32,772008	26,554069	22,752109	22,842687
23,000000	73,100000	47,506499	48,957081	50,905663	48,673176	40,572899	38,395447	37,205803	36,471955	33,220940	26,869385	22,760419	22,809805
24,000000	73,100000	47,910439	49,429238	51,281928	49,062754	40,886421	38,690768	37,489991	36,761331	33,633410	27,185437	22,735631	22,809215
25,000000	73,100000	48,256380	49,697100	51,666298	49,464693	41,210942	38,997556	37,754173	37,046555	34,022085	27,502719	22,729718	22,850196
26,000000	73,100000	48,660865	50,101978	52,097949	49,914520	41,607491	39,362521	38,045869	37,420989	34,479015	27,887179	22,727301	22,751536
27,000000	73,100000	48,979403	50,388420	52,471844	50,296647	41,928061	39,663703	38,294985	37,699536	34,867172	28,224708	22,717140	22,664985
28,000000	83,936000	49,354931	50,738952	52,836775	50,680545	42,259702	39,971183	38,548914	37,978498	35,227027	28,565464	22,695555	22,639149
29,000000	83,936000	49,761911	51,117545	53,201432	51,051848	42,576997	40,276675	38,803874	38,281165	35,595096	28,901879	22,688000	22,674061
30,000000	83,936000	50,173684	51,517121	53,557291	51,420336	42,876689	40,586735	39,082051	38,567471	35,966338	29,242530	22,695948	22,651757
31,000000	83,936000	50,558776	51,907906	53,958717	51,840192	43,229479	40,928681	39,376160	38,848986	36,343222	29,623362	22,689385	22,600693
32,000000	83,936000	50,854642	52,498512	54,313324	52,218600	43,555546	41,235122	39,663922	39,120254	36,665116	29,977477	22,690681	22,635995
33,000000	83,936000	51,286203	53,164394	54,638591	52,593506	43,896054	41,546842	39,925560	39,415390	36,998669	30,323355	22,690631	22,660187
34,000000	83,936000	51,994675	53,411777	54,884144	52,870040	44,276784	41,860426	40,192804	39,712894	37,331874	30,675635	22,668870	22,591740
35,000000	83,936000	52,434810	53,177447	55,123168	53,068603	44,652364	42,168274	40,468974	40,019616	37,684172	31,036370	22,653027	22,603931
36,000000	83,936000	52,961560	53,370804	55,356719	53,306340	44,974771	42,522844	40,767713	40,339754	38,070358	31,426961	22,653395	22,614293
37,000000	83,936000	53,487582	54,219209	55,564920	53,519600	45,182870	42,822001	41,010404	40,578187	38,362379	31,774548	22,675604	22,712591
38,000000	83,936000	54,073978	54,804031	55,792787	53,734829	45,474453	43,117696	41,237497	40,838830	38,649369	32,116625	22,694275	22,769166
39,000000	83,936000	54,343511	54,962202	56,055041	53,972653	45,856024	43,414712	41,539384	41,093995	38,974527	32,482450	22,669866	22,722631
40,000000	83,936000	54,520123	54,891770	56,328604	54,235687	46,182055	43,718028	41,768768	41,348452	39,292087	32,843027	22,669840	22,742247
41,000000	83,936000	54,883186	54,989382	56,639228	54,559069	46,501348	44,060988	42,061679	41,589924	39,644717	33,228882	22,674825	22,728586
42,000000	83,936000	55,301424	55,382401	56,888235	54,841148	46,734570	44,342303	42,383870	41,880996	39,929943	33,547491	22,686938	22,754480
43,000000	83,936000	55,716912	55,707990	57,150768	55,125219	47,029294	44,636182	42,619096	42,166838	40,232987	33,880170	22,709051	22,805073
44,000000	83,936000	55,899945	55,685399	57,402542	55,397605	47,325111	44,908114	42,849231	42,351979	40,498437	34,197020	22,706289	22,839980
45,000000	83,936000	56,211680	56,066108	57,670644	55,679697	47,532333	45,187066	43,119626	42,630918	40,773838	34,524520	22,688379	22,792215
46,000000	83,936000	57,079267	57,074206	57,956825	55,995963	47,705599	45,498511	43,381774	42,899624	41,099062	34,840691	22,652871	22,729415
47,000000	83,936000	58,076030	57,953059	58,194571	56,242108	47,852917	45,738543	43,552150	43,078973	41,308386	35,100926	22,625153	22,659236
48,000000	83,936000	58,732108	58,390030	58,450530	56,458931	48,158311	45,992011	43,732933	43,240072	41,548219	35,382108	22,616429	22,619761
49,000000	83,936000	58,853462	58,647685	58,733479	56,693578	48,446601	46,254617	43,937165	43,452971	41,797848	35,690471	22,597018	22,554732
50,000000	83,936000	59,447665	59,260149	59,020718	56,956887	48,636943	46,513376	44,141153	43,668441	42,025766	35,966839	22,605833	22,582968
51,000000	83,936000	60,397123	59,925845	59,318186	57,223990	48,857588	46,790321	44,332870	43,869439	42,271041	36,261058	22,598190	22,605237
52,000000	83,936000	60,775348	59,776083	59,593237	57,456908	49,224569	47,042062	44,575833	44,053817	42,519280	36,570533	22,611223	22,667594
53,000000	83,936000	60,856759	59,680237	59,885124	57,709113	49,453066	47,285756	44,811666	44,257765	42,722933	36,849071	22,609541	22,692718
54,000000	83,936000	61,477345	60,433596	60,131906	57,960468	49,596449	47,502304	45,014964	44,485492	42,913553	37,086402	22,596209	22,623782
55,000000	83,936000	62,230894	61,163590	60,381017	58,211374	49,802230	47,744142	45,193076	44,636674	43,103723	37,325388	22,571375	22,565706
56,000000	83,936000	62,238602	61,039461	60,737992	58,502601	50,203982	48,047510	45,376093	44,863793	43,389044	37,677988	22,531625	22,349142
57,000000	83,936000	62,599063	61,407138	61,029091	58,767371	50,411622	48,284621	45,545272	45,044798	43,586789	37,968492	22,531393	22,466117
58,000000	83,936000	62,812145	61,528785	61,317206	59,041883	50,704750	48,534730	45,755768	45,169570	43,773277	38,264657	22,525164	22,533322
59,000000	83,936000	63,101976	61,980107	61,590669	59,309526	50,862266	48,751441	45,915054	45,345306	43,954231	38,514365	22,521182	22,538418
60,000000	83,936000	63,517814	62,238471	61,885172	59,576177	51,157166	48,997364	46,117803	45,619899	44,200447	38,797859	22,552158	22,586590
61,000000	83,936000	63,474300	62,507670	62,232056	59,905807	51,422225	49,271171	46,324010	45,844831	44,464240	39,102222	22,580981	22,562900
62,000000	83,936000	64,180312	63,151414	62,504625	60,183851	51,557804	49,479269	46,473953	45,983275	44,649886	39,363224	22,604461	22,679368
63,000000	83,936000	64,928093	63,766785	62,779011	60,440273	51,716650	49,677968	46,690736	46,107527	44,813512	39,597663	22,592501	22,631906
64,000000	83,936000	65,603334	64,320766	63,059545	60,685701	51,891681	49,887411	46,800946	46,279686	45,001589	39,822000	22,553723	22,597768
65,000000	83,936000	66,205822	64,814481	63,332440	60,909718	52,086205	50,100186	46,944223	46,430558	45,171562	40,016011	22,540917	22,595957
66,000000	83,936000	66,827838	65,323739	63,648407	61,175629	52,308312	50,335738	47,180895	46,603724	45,413959	40,272308	22,550890	22,649740
67,000000	83,936000	67,323121	65,726495	63,920887	61,415175	52,516302	50,541572	47,327507	46,816060	45,580239	40,474326	22,572316	22,625244
68,000000	83,936000	67,785971	66,112895	64,202071	61,654526	52,714569	50,746711	47,476443	47,009860	45,763617	40,678645	22,569450	22,565083
69,000000	83,936000	68,223697	66,485447	64,484928	61,904100	52,919372	50,948633	47,659883	47,164802	45,950854	40,898055	22,573571	22,605970
70,000000	83,936000	68,645955	66,849034	64,772575	62,154198	53,112825	51,145842	47,785843	47,304951	46,107107	41,089762	22,577481	22,683179
71,000000	83,936000	69,112184	67,239493	65,087819	62,456268	53,343567	51,375708	47,920239	47,425213	46,315671	41,397941	22,548408	22,625583
72,000000	83,936000	69,501331	67,578492	65,355103	62,721310	53,558621	51,576401	48,090166	47,569977	46,484095	41,648519	22,539786	22,628105
73,000000	83,936000	69,888433	67,897169	65,635961	62,960001	53,761478	51,779615	48,269602	47,662889	46,604156	41,847926	22,535362	22,551793
74,000000	83,936000	70,251119	68,207677	65,899424	63,195950	53,943885	51,966863	48,394309	47,777807	46,733277	42,032438	22,495364	22,444792
75,000000	83,936000	70,617757	68,514024	66,173114	63,450787	54,136239	52,157327	48,592079	47,929973	46,908969	42,271009	22,479478	22,342886
76,000000	83,936000	71,038124	68,866159	66,490830	63,755255	54,364745	52,392438	48,891523	48,169582	47,109528	42,524478	22,482060	22,391259
77,000000	83,936000	71,384956	69,162917	66,761841	64,013011	54,552174	52,587659	48,990711	48,325820	47,270239	42,704797	22,501812	22,461511
78,000000	83,936000	71,727509	69,451970	67,026980	64,266176	54,747196	52,775885	49,161490	48,435581	47,431639	42,900569	22,495786	22,496704
79,000000	82,569600	72,064855	69,751082	67,289081	64,531536	54,936589	52,963048	49,302614	48,572096	47,598706	43,114958	22,496946	22,556395
80,000000	82,569600	72,417882	70,056071	67,550183	64,801767	55,114751	53,150100	49,467920	48,755930	47,770665	43,303307	22,499656	22,642749
81,000000	82,569600	72,787868	70,386205	67,849206	65,107179	55,300663	53,369506	49,657780	48,939330	47,967908	43,536444	22,502659	22,718010
82,000000	82,569600	73,115129	70,665457	68,116098	65,390286	55,481103	53,555725	49,813219	49,096794	48,132835	43,763983	22,510130	22,691052
83,000000	82,569600	73,419279	70,945804	68,379943	65,676366	55,669890	53,740705	49,955661	49,264138	48,281445	43,973224	22,502254	22,562580
84,000000	82,569600	73,724430	71,231217	68,652857	65,951147	55,824174	53,918769	50,057973	49,412233	48,432292	44,151700	22,473230	22,458135
85,000000	81,216000	74,063709	71,538610	68,937153	66,228851	55,994637	54,103904	50,181867	49,529032	48,605186	44,342642	22,439823	22,396605
86,000000	81,216000	74,461012	71,873150	69,244103	66,529680	56,204122	54,314598	50,363594	49,722959	48,788604	44,547733	22,442206	22,421977
87,000000	81,216000	74,787272	72,166475	69,509283	66,782819	56,379497	54,505114	50,498626	49,847281	48,916021	44,737672	22,435853	22,428343
88,000000	81,216000	75,116079	72,459233	69,796301	67,026049	56,577070	54,695880	50,601088	49,996980	49,103981	44,940819	22,456419	22,504687
89,000000	81,216000	75,418156	72,715164	70,081969	67,261365	56,760599	54,875819	50,695864	50,104951	49,268854	45,138527	22,469859	22,544786
90,000000	81,216000	75,729094	72,982474	70,350949	67,512631	56,953030	55,065816	50,880727	50,252799	49,435692	45,338633	22,480315	22,496136
91,000000	81,216000	76,060071	73,263544	70,629971	67,778285	57,167612	55,259515	51,020842	50,424310	49,612912	45,552759	22,466114	22,510973
92,000000	81,216000	76,346771	73,511518	70,887278	68,024929	57,348527	55,436936	51,148267	50,552952	49,769267	45,747981	22,454254	22,501987
93,000000	81,216000	76,641859	73,753112	71,131857	68,254585	57,518378	55,616740	51,358981	50,706411	49,917055	45,942613	22,463320	22,537330
94,000000	81,216000	76,926676	73,991779	71,371750	68,478282	57,707755	55,801014	51,591256	50,899777	50,056417	46,143325	22,444582	22,532154
95,000000	81,216000	77,213273	74,238582	71,605252	68,694273	57,886907	55,983244	51,763686	51,066219	50,244165	46,336706	22,431602	22,584827
96,000000	81,216000	77,541072	74,502565	71,867533	68,955716	58,091327	56,187009	51,934336	51,234052	50,410021	46,546972	22,440438	22,630886
97,000000	81,216000	77,822180	74,746570	72,107304	69,176735	58,276422	56,362829	52,040461	51,384935	50,585206	46,781517	22,425957	22,547470
98,000000	81,216000	78,117870	75,011353	72,356269	69,420505	58,449202	56,547484	52,159100	51,488641	50,730863	46,973553	22,423625	22,500973
99,000000	81,216000	78,425934	75,290410	72,598159	69,631735	58,615491	56,733655	52,326054	51,675369	50,873417	47,154128	22,417375	22,484420
100,000000	81,216000	78,742596	75,564241	72,826102	69,818945	58,795175	56,913458	52,411345	51,818841	51,017938	47,346964	22,412371	22,453059
101,000000	81,216000	79,089036	75,862465	73,092434	70,023908	59,023892	57,134725	52,520443	51,979138	51,198831	47,575161	22,420004	22,528227
102,000000	81,216000	79,361860	76,095168	73,297749	70,188401	59,205461	57,306783	52,678765	52,100687	51,381847	47,778818	22,404298	22,488660
103,000000	81,216000	79,623614	76,309835	73,498603	70,355652	59,380936	57,480899	52,842021	52,245844	51,529052	47,981759	22,406797	22,504144
104,000000	81,216000	79,854180	76,467630	73,664845	70,537641	59,558487	57,642759	52,970727	52,401937	51,679107	48,169786	22,414937	22,504277
105,000000	81,216000	80,071265	76,631610	73,839023	70,732763	59,742752	57,810982	53,148868	52,549444	51,859815	48,379818	22,414024	22,500606
106,000000	81,216000	80,302670	76,832522	74,023683	70,951092	59,966236	58,020296	53,330986	52,726246	52,073370	48,646356	22,420144	22,532811
107,000000	81,216000	80,510180	77,013003	74,187877	71,135550	60,148263	58,193414	53,482285	52,879033	52,249364	48,901574	22,396575	22,538092
108,000000	81,216000	80,719960	77,196371	74,369752	71,324015	60,324683	58,373335	53,652845	53,020317	52,377186	49,133667	22,390893	22,497552
109,000000	81,216000	80,942333	77,393254	74,567659	71,525946	60,482739	58,544853	53,725297	53,152795	52,503409	49,319523	22,398214	22,545397
110,000000	81,216000	81,167835	77,577664	74,748786	71,720157	60,640221	58,713349	53,878244	53,324701	52,678700	49,502822	22,395321	22,533965
111,000000	81,216000	81,282255	77,349610	74,970244	71,952783	61,055658	59,009891	54,067582	53,572415	52,949379	49,860613	22,415390	22,650311
112,000000	81,216000	80,881277	77,074144	75,163434	72,172069	61,362869	59,199241	54,243864	53,767661	53,172114	50,153232	22,436471	22,740726
113,000000	81,216000	80,722924	77,235119	75,328264	72,394777	61,546940	59,381961	54,382021	53,900101	53,345963	50,433624	22,439400	22,677480
114,000000	81,216000	80,685583	77,457565	75,497401	72,587724	61,697991	59,551562	54,521045	54,086515	53,531925	50,684855	22,411334	22,573453
115,000000	81,216000	80,755604	77,640960	75,690898	72,778079	61,836787	59,727216	54,641921	54,201322	53,704411	50,910295	22,414640	22,551593
116,000000	81,216000	80,910221	77,738835	75,905223	72,987945	62,019349	59,930372	54,874808	54,412233	53,926167	51,223426	22,393353	22,507904
117,000000	81,216000	81,094051	77,906521	76,069961	73,141759	62,168479	60,106166	54,950728	54,557005	54,094433	51,444844	22,386095	22,553888
118,000000	81,216000	81,297180	78,128109	76,239999	73,306737	62,328681	60,290662	55,039712	54,662946	54,254522	51,670423	22,398391	22,609959
119,000000	81,216000	81,499786	78,344477	76,405630	73,470617	62,473893	60,460845	55,178717	54,836706	54,394650	51,891930	22,398228	22,651424
120,000000	81,216000	81,694176	78,569974	76,577506	73,644556	62,607617	60,622799	55,338982	54,972891	54,589233	52,100042	22,403275	22,648313
121,000000	81,216000	81,857282	78,962721	76,803136	73,860355	62,776176	60,804868	55,515512	55,113483	54,754845	52,313547	22,419065	22,656589
122,000000	81,216000	82,077009	79,260344	76,970840	74,036097	62,915463	60,965365	55,630549	55,200830	54,873585	52,495905	22,429211	22,704295
123,000000	81,216000	82,349180	79,530841	77,131728	74,194831	63,048906	61,125115	55,753737	55,302309	54,986224	52,656781	22,441108	22,731231
124,000000	81,216000	82,620731	79,811828	77,299686	74,361225	63,194843	61,293234	55,864768	55,444171	55,098207	52,818701	22,456199	22,765649
125,000000	81,216000	82,819513	80,065003	77,463094	74,496211	63,330967	61,448287	55,939699	55,543810	55,237224	52,986710	22,450060	22,740829
126,000000	81,216000	83,064878	80,339565	77,640895	74,672959	63,492215	61,624744	56,062721	55,725721	55,442335	53,150640	22,434555	22,646261
127,000000	81,216000	83,307255	80,622195	77,873632	74,836305	63,605793	61,776642	56,243773	55,881438	55,550315	53,306758	22,432744	22,693274
128,000000	81,216000	83,558528	80,962083	78,172297	75,001212	63,689599	61,893596	56,402193	55,911580	55,639507	53,466940	22,427126	22,764697
129,000000	81,216000	83,813727	81,342240	78,535795	75,188959	63,779522	62,013436	56,574119	56,054808	55,744225	53,599372	22,448318	22,854471
130,000000	81,216000	84,073354	81,730170	78,968128	75,375105	63,860021	62,136444	56,734968	56,235724	55,857141	53,718394	22,457011	22,851867
131,000000	81,216000	84,396968	82,148418	79,485501	75,579963	63,968675	62,288193	56,770780	56,371951	56,011980	53,872424	22,451221	22,777328
132,000000	81,216000	84,699107	82,526500	79,904606	75,761355	64,049824	62,413786	56,799760	56,429666	56,107194	53,973094	22,440064	22,726167
133,000000	81,216000	85,001767	82,999108	80,300878	75,947863	64,118461	62,542101	56,863562	56,488295	56,176133	54,065967	22,414076	22,651487
134,000000	81,216000	85,317402	83,532541	80,699450	76,136618	64,202287	62,679802	56,934293	56,548737	56,257913	54,146565	22,407715	22,630731
135,000000	81,216000	85,634847	84,048200	81,062782	76,291669	64,282305	62,794128	56,953002	56,584214	56,315065	54,214763	22,411415	22,637991
136,000000	81,216000	85,944994	84,683065	81,422161	76,489933	64,380839	62,936719	57,041421	56,607718	56,384215	54,249836	22,410692	22,643089
137,000000	81,216000	86,218001	85,194238	81,796888	76,643851	64,470705	63,050740	57,194725	56,694805	56,495033	54,351364	22,399129	22,636701
138,000000	81,216000	86,514751	85,653241	82,257795	76,805380	64,554452	63,159553	57,261745	56,813140	56,575556	54,449530	22,403089	22,607533
139,000000	81,216000	86,803098	86,105126	82,744981	76,973744	64,663121	63,301289	57,386212	56,889803	56,666778	54,516482	22,407251	22,606599
140,000000	81,216000	87,105854	86,513361	83,125828	77,102644	64,809213	63,451864	57,375646	56,969913	56,758152	54,613792	22,395636	22,625283
141,000000	81,216000	87,487470	86,962552	83,382788	77,153676	64,985975	63,618555	57,467937	57,127492	56,936566	54,842970	22,390506	22,591775
142,000000	81,216000	87,789865	87,323491	83,539695	77,165265	65,117072	63,733197	57,543254	57,205049	57,081818	54,985389	22,376648	22,524529
143,000000	81,216000	88,097109	87,664700	83,663898	77,170367	65,241477	63,856344	57,634651	57,271837	57,212661	55,136013	22,374076	22,501541
144,000000	81,216000	88,394487	87,985984	83,787564	77,185018	65,373636	63,973706	57,700215	57,323217	57,316070	55,278458	22,395001	22,495454
145,000000	81,216000	88,693606	88,305669	83,936637	77,218466	65,507323	64,092446	57,805242	57,350383	57,415578	55,435001	22,406626	22,641318
146,000000	81,216000	88,997211	88,701692	84,108786	77,288359	65,636564	64,226863	57,973562	57,533618	57,534443	55,663488	22,420802	22,689609
147,000000	81,216000	89,239912	89,025467	84,268218	77,359968	65,746851	64,344964	58,078947	57,709944	57,645749	55,804500	22,435184	22,751385
148,000000	81,216000	89,480097	89,324908	84,445995	77,439843	65,861200	64,468904	58,133810	57,813366	57,759605	55,912765	22,435699	22,719279
149,000000	81,216000	89,713359	89,600625	84,618486	77,517436	65,967021	64,588924	58,202562	57,876159	57,860097	56,101740	22,431492	22,736975
150,000000	81,216000	89,946413	89,884098	84,773683	77,595683	66,076732	64,700548	58,308912	57,836558	57,927068	56,248847	22,445402	22,765042
151,000000	81,216000	90,222413	90,188657	84,955742	77,683248	66,208807	64,835799	58,482881	57,911842	58,033453	56,449409	22,468144	22,818739
152,000000	81,216000	90,457043	90,433784	85,127836	77,765344	66,309245	64,927984	58,578722	57,988923	58,118864	56,573500	22,463961	22,816819
153,000000	81,216000	90,704372	90,678901	85,293500	77,867686	66,419972	65,038911	58,731666	58,116187	58,199028	56,721571	22,464813	22,836350
154,000000	81,216000	90,939206	90,910576	85,348846	77,970134	66,525042	65,149246	58,936037	58,269967	58,324386	56,889189	22,466845	22,833022
155,000000	81,216000	91,175490	91,135493	85,365894	78,065461	66,619403	65,261032	59,026211	58,324371	58,424995	57,048838	22,469017	22,898158
156,000000	81,216000	91,460605	91,391145	85,499080	78,200070	66,760414	65,412982	59,096811	58,447156	58,576345	57,214553	22,491765	22,873617
157,000000	81,216000	91,724093	91,598684	85,617587	78,291192	66,857783	65,525938	59,139276	58,578211	58,673943	57,311149	22,484879	22,867425
158,000000	81,216000	91,988879	91,791048	85,731495	78,383788	66,954724	65,646784	59,272966	58,779753	58,805840	57,478169	22,462464	22,826882
159,000000	81,216000	92,243601	91,983078	85,832277	78,482910	67,079798	65,782370	59,295447	58,917918	58,969563	57,636234	22,432992	22,783116
160,000000	81,216000	92,515459	92,185813	85,913662	78,575770	67,196684	65,912554	59,314050	58,942646	59,062420	57,760843	22,444091	22,798341
161,000000	81,216000	92,816117	92,433548	85,986377	78,681404	67,331187	66,046899	59,508319	59,159354	59,211406	57,910728	22,481361	22,851622
162,000000	81,216000	93,060248	92,640884	86,031523	78,753342	67,416398	66,152433	59,587560	59,182836	59,272975	57,985866	22,487706	22,877598
163,000000	81,216000	93,323721	92,887849	86,104161	78,837537	67,501765	66,260279	59,626209	59,256901	59,377886	58,090811	22,494703	22,925237
164,000000	81,216000	93,605764	93,176633	86,172891	78,914885	67,567666	66,356335	59,697193	59,352063	59,482956	58,244429	22,501055	22,957378
165,000000	81,216000	93,904723	93,481034	86,245727	79,003946	67,624486	66,450349	59,821238	59,375190	59,557704	58,334185	22,515476	22,970025
166,000000	81,216000	94,269450	93,833240	86,354134	79,120116	67,703750	66,542367	59,869512	59,528962	59,651167	58,475778	22,518038	22,986820
167,000000	81,216000	94,605336	94,158535	86,472753	79,222850	67,779865	66,650104	59,948779	59,541083	59,704013	58,527814	22,518145	22,999096
168,000000	81,216000	94,926878	94,500168	86,587123	79,311740	67,857913	66,740252	60,011606	59,573001	59,763911	58,592619	22,509006	23,009215
169,000000	81,216000	95,250634	94,835425	86,705026	79,405041	67,938641	66,843134	60,106518	59,600820	59,853701	58,697217	22,528883	23,031175
170,000000	81,216000	95,588915	95,165872	86,806755	79,488531	68,021904	66,925479	60,250193	59,715345	59,939485	58,788958	22,534026	23,027856
171,000000	81,216000	95,982711	95,509789	86,936583	79,558152	68,093222	67,021121	60,363569	59,851232	60,034296	58,918597	22,532354	23,026684
172,000000	81,216000	96,344392	95,815508	87,064335	79,636262	68,183952	67,125827	60,355210	59,963394	60,122073	58,995442	22,537168	23,019783
173,000000	81,216000	96,696166	96,123291	87,169214	79,700284	68,256770	67,211535	60,432578	59,971015	60,189289	59,099694	22,531859	23,007936
174,000000	81,216000	97,058536	96,424240	87,270577	79,783407	68,327925	67,311955	60,518728	60,037815	60,275003	59,187859	22,539711	23,049797
175,000000	81,216000	97,422576	96,717908	87,396123	79,866359	68,392711	67,391422	60,575398	60,121007	60,337836	59,236296	22,537842	23,028378
176,000000	81,216000	97,823320	97,033260	87,520446	79,972407	68,491150	67,487581	60,657566	60,184555	60,381642	59,378252	22,541035	23,009871
177,000000	81,216000	98,154535	97,293488	87,621045	80,030287	68,568546	67,578195	60,721910	60,270523	60,521814	59,518365	22,529568	23,013569
178,000000	81,216000	98,492916	97,559988	87,727934	80,081826	68,644052	67,674415	60,816151	60,416949	60,612145	59,650946	22,535564	23,036892
179,000000	81,216000	98,819164	97,811611	87,838664	80,132744	68,712060	67,751996	60,855882	60,480875	60,662197	59,738614	22,548995	23,051877
180,000000	81,216000	99,197739	98,066140	87,941245	80,183890	68,777395	67,825372	60,944949	60,496553	60,724770	59,824124	22,546290	23,036358
181,000000	81,216000	99,730414	98,369511	88,063727	80,224320	68,839664	67,886604	61,014656	60,612219	60,826012	59,839097	22,544856	22,981735
182,000000	81,216000	100,218288	98,653621	88,157698	80,267733	68,875593	67,935652	61,047328	60,655828	60,869461	59,828825	22,541453	22,979063
183,000000	81,216000	100,727622	98,953780	88,260643	80,330126	68,901575	67,981665	61,041698	60,677409	60,909773	59,869214	22,530611	22,964327
184,000000	81,216000	101,294348	99,276277	88,365771	80,405711	68,920038	68,025442	61,087451	60,655142	60,929109	59,930117	22,535047	22,948782
185,000000	81,216000	101,896172	99,620904	88,486404	80,470355	68,954729	68,075664	61,086235	60,663235	60,967468	59,977292	22,527321	22,947531
186,000000	81,216000	102,584991	100,061788	88,636399	80,537739	68,997048	68,137845	61,129313	60,704885	60,997384	60,011636	22,528278	22,919439
187,000000	81,216000	103,167800	100,442026	88,753863	80,597703	69,032219	68,182651	61,176645	60,732462	61,037827	60,086667	22,526135	22,888821
188,000000	81,216000	103,718884	100,827755	88,914058	80,647834	69,067431	68,226763	61,228207	60,728309	61,034527	60,072378	22,522935	22,864457
189,000000	81,216000	104,230412	101,201276	89,074482	80,698777	69,110745	68,283561	61,262964	60,758512	61,065423	60,071163	22,518099	22,841059
190,000000	81,216000	104,702207	101,574958	89,207254	80,775636	69,170650	68,348804	61,301104	60,770669	61,129404	60,136079	22,518892	22,857355
191,000000	81,216000	105,193290	101,964779	89,349812	80,835899	69,233685	68,408977	61,441833	60,859025	61,150483	60,214412	22,516278	22,849460
192,000000	81,216000	105,586791	102,300782	89,538332	80,912846	69,292497	68,473069	61,425840	60,871644	61,194382	60,245488	22,527552	22,881892
193,000000	81,216000	105,969247	102,614666	89,690962	81,000238	69,333209	68,519870	61,418931	60,944922	61,251872	60,315691	22,549434	22,943753
194,000000	81,216000	106,337295	102,916124	89,852346	81,070245	69,393090	68,576620	61,520373	61,045466	61,334341	60,379229	22,570977	23,009706
195,000000	81,216000	106,717742	103,208477	90,037881	81,145866	69,454510	68,644934	61,685230	61,102967	61,372664	60,459923	22,593714	23,067854
196,000000	81,216000	107,136313	103,535756	90,216408	81,228967	69,512807	68,702220	61,666491	61,238416	61,429342	60,485408	22,603303	23,072153
197,000000	81,216000	107,500790	103,828208	90,361556	81,314263	69,583028	68,775547	61,754402	61,159212	61,471284	60,521314	22,607349	23,049949
198,000000	81,216000	107,845796	104,109358	90,524286	81,396970	69,644951	68,831417	61,912982	61,184209	61,503144	60,603194	22,596894	23,045586
199,000000	81,216000	108,186091	104,374624	90,688960	81,474152	69,715908	68,903434	62,011099	61,301657	61,559066	60,692548	22,592472	23,060875
200,000000	81,216000	108,518169	104,648196	90,836125	81,556955	69,775738	68,970209	62,005264	61,349860	61,621667	60,796214	22,605674	23,130188
201,000000	81,216000	108,873520	104,929855	91,023152	81,629542	69,842707	69,045823	62,065799	61,463703	61,729004	60,902759	22,613791	23,080412
202,000000	81,216000	109,192800	105,181615	91,131689	81,712535	69,908186	69,119531	62,043242	61,541496	61,854623	60,950042	22,603989	23,068400
203,000000	81,216000	109,493988	105,418651	91,299402	81,799462	69,965711	69,178778	62,090968	61,582883	61,929856	61,024230	22,603739	23,021546
204,000000	81,216000	109,796278	105,658029	91,415936	81,890908	70,035396	69,247868	62,102635	61,688230	62,011614	61,102542	22,607326	23,033319
205,000000	81,216000	110,082745	105,892322	91,569251	81,977586	70,099520	69,320374	62,103676	61,711768	62,075546	61,205350	22,609718	23,029893
206,000000	81,216000	110,413845	106,151028	91,696984	82,069088	70,180301	69,388786	62,105747	61,822804	62,127094	61,342768	22,600439	23,050429
207,000000	81,216000	110,698405	106,382313	91,822097	82,148343	70,254583	69,455228	62,216129	61,730920	62,188696	61,463457	22,613235	23,108627
208,000000	81,216000	110,973643	106,594361	91,964651	82,227561	70,318048	69,528896	62,219862	61,740062	62,209727	61,513161	22,627116	23,119510
209,000000	81,216000	111,246316	106,810706	92,073847	82,295589	70,379442	69,594199	62,245007	61,767519	62,251886	61,545733	22,638056	23,153009
210,000000	81,216000	111,536420	107,033050	92,201466	82,363836	70,437223	69,642758	62,312907	61,800203	62,256328	61,603667	22,649532	23,207926
211,000000	81,216000	111,893474	107,297519	92,287831	82,450804	70,504737	69,715576	62,385958	61,782511	62,351857	61,707604	22,642843	23,167124
212,000000	81,216000	112,206736	107,523846	92,397754	82,506623	70,562808	69,767181	62,454492	61,910837	62,386372	61,776069	22,656404	23,169195
213,000000	81,216000	112,518105	107,754763	92,515219	82,576070	70,626667	69,837925	62,575897	62,021005	62,429807	61,833018	22,655843	23,171159
214,000000	81,216000	112,816574	107,971044	92,672017	82,625145	70,683117	69,893999	62,606569	62,154223	62,515974	61,884847	22,647011	23,192403
215,000000	81,216000	113,114229	108,186566	92,840296	82,675857	70,739528	69,954290	62,712124	62,215729	62,617626	61,942200	22,631775	23,180053
216,000000	81,216000	113,450360	108,442915	92,932214	82,758646	70,811851	70,037759	62,753300	62,330840	62,730565	62,084248	22,651762	23,143595
217,000000	81,216000	113,732574	108,655882	93,005513	82,815542	70,879522	70,100682	62,732530	62,358997	62,795660	62,156500	22,639499	23,133257
218,000000	81,216000	114,004220	108,863684	93,085837	82,877776	70,944836	70,160570	62,805106	62,422742	62,864978	62,271744	22,644952	23,145476
219,000000	81,216000	114,263928	109,055309	93,196395	82,941547	70,995131	70,219608	62,812174	62,452692	62,924427	62,308855	22,650836	23,150321
220,000000	81,216000	114,529468	109,250008	93,326790	83,031004	71,056566	70,282220	62,821561	62,444558	62,950350	62,368997	22,666741	23,186214
221,000000	81,216000	114,823141	109,471838	93,422905	83,122149	71,130462	70,354770	62,896972	62,433056	62,981462	62,499090	22,672530	23,175051
222,000000	81,216000	115,073910	109,658648	93,528228	83,190970	71,193343	70,419551	62,887674	62,508294	63,059381	62,565544	22,659131	23,148125
223,000000	81,216000	115,328331	109,843460	93,635806	83,253323	71,247463	70,480015	62,941755	62,549114	63,075349	62,600064	22,663423	23,180451
224,000000	81,216000	115,569838	110,015814	93,726381	83,309583	71,298845	70,525144	63,057495	62,588294	63,109893	62,691945	22,671677	23,167313
225,000000	81,216000	115,809050	110,196910	93,863271	83,391415	71,358647	70,589373	63,073187	62,677414	63,195183	62,795232	22,675694	23,165015
226,000000	81,216000	116,087060	110,404818	93,956132	83,495169	71,441535	70,665527	63,176253	62,714111	63,284071	62,886944	22,697038	23,182932
227,000000	81,216000	116,325030	110,577261	94,061380	83,556766	71,497815	70,728602	63,155371	62,753212	63,339313	62,968354	22,697505	23,171005
228,000000	81,216000	116,551785	110,744994	94,122013	83,618150	71,559589	70,785155	63,247369	62,784067	63,397727	63,049891	22,689819	23,177557
229,000000	81,216000	116,782008	110,909206	94,184885	83,677451	71,624107	70,850814	63,341098	62,865389	63,483230	63,126295	22,693291	23,173528
230,000000	81,216000	117,016019	111,062819	94,281617	83,739470	71,691434	70,906932	63,503739	62,945562	63,560769	63,197453	22,692863	23,155007
231,000000	81,216000	117,277031	111,253181	94,404183	83,846462	71,760904	70,991145	63,514321	63,028121	63,603544	63,240292	22,698587	23,178053
232,000000	81,216000	117,499632	111,401767	94,520079	83,933110	71,829826	71,057820	63,589919	63,050557	63,657810	63,283110	22,715319	23,199894
233,000000	81,216000	117,718223	111,555153	94,613388	84,001281	71,892026	71,121007	63,613355	63,190406	63,696429	63,295680	22,712018	23,214077
234,000000	81,216000	117,938089	111,710639	94,722705	84,056860	71,947910	71,182291	63,654924	63,242549	63,746153	63,327422	22,707124	23,231870
235,000000	81,216000	118,176701	111,885994	94,820086	84,123706	72,017629	71,247349	63,792924	63,170219	63,765334	63,501479	22,711238	23,261107
236,000000	81,216000	118,421830	112,096805	94,946893	84,205932	72,080272	71,317501	63,917358	63,313232	63,853622	63,622268	22,722678	23,267370
237,000000	81,216000	118,658414	112,285462	95,004428	84,276274	72,130367	71,375839	63,905119	63,343736	63,943958	63,700038	22,738342	23,332654
238,000000	81,216000	118,891048	112,470778	95,086698	84,360556	72,173978	71,418887	63,907034	63,432521	64,000778	63,711693	22,750294	23,352009
239,000000	81,216000	119,121207	112,652972	95,191471	84,443628	72,233049	71,473547	63,962510	63,451804	64,024734	63,750488	22,754694	23,333690
240,000000	81,216000	119,358493	112,830540	95,306930	84,513556	72,286908	71,534413	64,036378	63,547206	64,059669	63,804610	22,746320	23,317640
241,000000	81,216000	119,633943	113,028097	95,458039	84,582856	72,345656	71,585028	64,146670	63,672531	64,126597	63,813503	22,766156	23,356380
242,000000	81,216000	119,865767	113,193819	95,591150	84,648358	72,401813	71,636310	64,143364	63,699313	64,131871	63,853232	22,767342	23,357564
243,000000	81,216000	120,093745	113,365129	95,651929	84,696660	72,450902	71,684734	64,225392	63,694664	64,146136	63,883175	22,759749	23,368221
244,000000	81,216000	120,334536	113,539003	95,773546	84,781182	72,504456	71,738311	64,225728	63,731698	64,150825	63,924432	22,784178	23,402292
245,000000	81,216000	120,564701	113,697308	95,848194	84,867902	72,550042	71,773557	64,234506	63,746730	64,229870	63,969527	22,783342	23,395836
246,000000	81,216000	120,823983	113,879345	96,007161	84,963460	72,606093	71,845490	64,265624	63,796933	64,221124	63,967551	22,790456	23,394376
247,000000	81,216000	121,061931	114,047645	96,057855	85,041065	72,662053	71,907281	64,393823	63,819440	64,280471	64,088286	22,809577	23,398064
248,000000	81,216000	121,287058	114,201407	96,135494	85,102975	72,712269	71,947765	64,403546	63,881826	64,385406	64,193681	22,805236	23,409864
249,000000	81,216000	121,510358	114,350242	96,221029	85,176196	72,775985	72,008886	64,429115	63,901740	64,465242	64,266492	22,805515	23,433005
250,000000	81,216000	121,735981	114,486624	96,344254	85,231529	72,821118	72,062228	64,467040	63,904223	64,533335	64,358518	22,792682	23,422674
251,000000	81,216000	121,992974	114,672807	96,418464	85,293771	72,889599	72,139383	64,560414	64,004687	64,590363	64,468948	22,802860	23,408981
252,000000	81,216000	122,207454	114,816488	96,462448	85,341793	72,945080	72,183564	64,615000	64,031844	64,638005	64,561232	22,789274	23,351402
253,000000	81,216000	122,422942	114,947172	96,536208	85,405347	72,996148	72,227859	64,631634	64,106210	64,705383	64,629888	22,784800	23,328541
254,000000	81,216000	122,643906	115,097708	96,571689	85,476417	73,053647	72,292756	64,648010	64,147878	64,780974	64,670105	22,803451	23,332296
255,000000	81,216000	122,865582	115,238069	96,650286	85,533650	73,104893	72,339720	64,710705	64,271057	64,820760	64,742002	22,812769	23,330323
256,000000	81,216000	123,113361	115,411776	96,769607	85,611122	73,175635	72,418282	64,769526	64,299622	64,907040	64,876318	22,823394	23,361623
257,000000	81,216000	123,332079	115,542781	96,896127	85,649766	73,213308	72,461394	64,767743	64,217910	64,942526	64,960630	22,808971	23,389659
258,000000	81,216000	123,550521	115,692965	96,970825	85,718711	73,266909	72,508096	64,789617	64,278170	65,023309	65,076986	22,805564	23,336777
259,000000	81,216000	123,768881	115,838047	97,027590	85,805265	73,320178	72,561312	64,858409	64,420596	65,102200	65,137909	22,806141	23,265382
260,000000	81,216000	123,979236	115,978760	97,100325	85,871974	73,378753	72,618627	64,854022	64,435802	65,175904	65,224319	22,796913	23,250273
261,000000	81,216000	124,219916	116,139531	97,129447	85,929107	73,438025	72,682437	64,945887	64,417157	65,190245	65,295342	22,800449	23,232311
262,000000	81,216000	124,440172	116,277610	97,144453	85,983985	73,492981	72,738581	65,036946	64,522298	65,252918	65,339241	22,797833	23,204376
263,000000	81,216000	124,647452	116,406808	97,201329	86,039053	73,539320	72,774904	65,044613	64,576050	65,322265	65,363134	22,783857	23,178209
264,000000	81,216000	124,865217	116,546266	97,272461	86,119231	73,597439	72,831707	65,120377	64,573249	65,403419	65,418977	22,789253	23,144162
265,000000	81,216000	125,071280	116,661974	97,379227	86,182705	73,642625	72,870203	65,156278	64,646168	65,473873	65,443254	22,763362	23,101917
266,000000	81,216000	125,326933	116,824298	97,518349	86,273238	73,709113	72,946380	65,113509	64,727655	65,533106	65,526418	22,759504	23,062097
267,000000	81,216000	125,549494	116,954857	97,602683	86,327160	73,763827	73,000443	65,203655	64,835231	65,568322	65,657057	22,763952	23,049248
268,000000	81,216000	125,759477	117,090325	97,659127	86,383392	73,814658	73,046604	65,214692	64,801193	65,621311	65,729069	22,753366	23,030097
269,000000	81,216000	125,981459	117,223099	97,725650	86,436591	73,863918	73,095450	65,209443	64,811932	65,664120	65,743202	22,743544	23,021505
270,000000	81,216000	126,194844	117,345627	97,778935	86,492795	73,910632	73,141825	65,194087	64,753453	65,722288	65,793060	22,740210	23,018595
271,000000	81,216000	126,442308	117,497445	97,902941	86,568992	73,973408	73,203041	65,205550	64,876634	65,823411	65,882743	22,757026	23,035668
272,000000	81,216000	126,645945	117,624155	97,984550	86,616977	74,022715	73,254853	65,276974	64,984523	65,887438	65,931113	22,766848	23,083819
273,000000	81,216000	126,858340	117,746457	98,029975	86,658431	74,073631	73,309171	65,409379	65,015028	65,904988	65,957419	22,784548	23,186130
274,000000	81,216000	127,069238	117,869481	98,031648	86,699683	74,112558	73,344711	65,512428	65,091255	65,949762	66,005034	22,809536	23,197480
275,000000	81,216000	127,275607	118,000974	98,048894	86,753470	74,163807	73,391936	65,769820	65,182142	65,986574	66,116933	22,820925	23,221787
276,000000	81,216000	127,511761	118,142598	98,145414	86,847979	74,224441	73,456172	65,772937	65,230098	65,963576	66,203153	22,838439	23,280208
277,000000	81,216000	127,706790	118,259577	98,236495	86,905825	74,286458	73,521262	65,789824	65,234605	66,039381	66,306019	22,843197	23,324046
278,000000	81,216000	127,911569	118,386666	98,350388	86,951554	74,335297	73,569959	65,863504	65,229844	66,087818	66,369332	22,836502	23,280723
279,000000	81,216000	128,107787	118,512859	98,444819	87,010153	74,380520	73,622295	66,000911	65,288306	66,128790	66,441619	22,834477	23,299274
280,000000	81,216000	128,317278	118,651216	98,517297	87,068970	74,447268	73,683732	66,200391	65,328444	66,167249	66,529588	22,863886	23,343949
281,000000	81,216000	128,542747	118,803032	98,580810	87,135638	74,504825	73,742561	66,279694	65,382193	66,178881	66,538648	22,870348	23,324403
282,000000	81,216000	128,753863	118,933848	98,649230	87,218792	74,573343	73,803711	66,284065	65,441278	66,230640	66,593149	22,870483	23,357881
283,000000	81,216000	128,960220	119,066167	98,684795	87,283146	74,628609	73,874226	66,391904	65,437482	66,260973	66,623216	22,875954	23,397683
284,000000	81,216000	129,152458	119,188971	98,735734	87,339981	74,695303	73,948399	66,504128	65,474732	66,317672	66,663057	22,876097	23,377255
285,000000	81,216000	129,338034	119,301857	98,816422	87,384398	74,751281	74,018058	66,537878	65,529808	66,356536	66,723947	22,868783	23,344100
286,000000	81,216000	129,551308	119,435970	98,824515	87,435089	74,810067	74,082893	66,730322	65,679391	66,375556	66,814721	22,857757	23,329796
287,000000	81,216000	129,751827	119,565241	98,887669	87,494202	74,870534	74,147221	66,820494	65,789215	66,498344	66,897187	22,863219	23,301984
288,000000	81,216000	129,949191	119,686186	98,963320	87,571937	74,939786	74,207085	66,850147	65,909427	66,615068	66,976130	22,873963	23,334209
289,000000	81,216000	130,139938	119,803284	99,031920	87,646418	75,003223	74,274608	66,793341	66,037779	66,774603	67,087355	22,878675	23,352453
290,000000	81,216000	130,315251	119,910906	99,125638	87,696472	75,044020	74,327832	66,736859	66,030894	66,853818	67,132802	22,896192	23,377829
291,000000	81,216000	130,532654	120,040428	99,230559	87,778330	75,107941	74,387891	66,862121	66,121440	66,824000	67,137490	22,892319	23,344058
292,000000	81,216000	130,722075	120,162365	99,318695	87,845632	75,168997	74,448193	66,906774	66,195397	66,914253	67,229307	22,907062	23,363223
293,000000	81,216000	130,900859	120,280456	99,337827	87,913799	75,230764	74,511300	66,894847	66,202594	67,036525	67,320187	22,914480	23,345893
294,000000	81,216000	131,090304	120,393425	99,411969	87,961096	75,292372	74,572376	66,798574	66,259119	67,150757	67,424506	22,903037	23,337558
295,000000	81,216000	131,276105	120,510385	99,527413	88,005934	75,348146	74,623217	66,874135	66,328024	67,228007	67,513534	22,909564	23,321327
296,000000	81,216000	131,478126	120,645516	99,667702	88,045174	75,408812	74,677212	66,808473	66,301862	67,253037	67,513902	22,905624	23,335286
297,000000	81,216000	131,662183	120,764113	99,718046	88,098432	75,445075	74,727115	66,904926	66,342548	67,274956	67,538476	22,902621	23,373927
298,000000	81,216000	131,844010	120,884974	99,774034	88,157273	75,495101	74,770957	67,013499	66,416927	67,289162	67,567961	22,900244	23,357939
299,000000	81,216000	132,019608	120,998377	99,828538	88,214194	75,537911	74,805822	67,083351	66,543546	67,357924	67,632342	22,897576	23,343345
300,000000	81,216000	132,204306	121,122429	99,868491	88,284570	75,587489	74,853723	67,004143	66,504603	67,411840	67,684338	22,904370	23,321873
301,000000	81,216000	132,399704	121,242647	99,976381	88,356543	75,635490	74,886720	66,912340	66,380546	67,331059	67,706097	22,912913	23,345474
302,000000	81,216000	132,593190	121,367225	99,999444	88,426817	75,670700	74,921005	66,984740	66,439208	67,304463	67,732307	22,920943	23,405690
303,000000	81,216000	132,772247	121,473704	100,068339	88,491836	75,699163	74,952298	67,042095	66,502395	67,351029	67,785740	22,927027	23,367491
304,000000	81,216000	132,951818	121,576745	100,157164	88,548079	75,744787	74,999975	67,067359	66,569667	67,455827	67,853772	22,923436	23,345625
305,000000	81,216000	133,139777	121,686251	100,252505	88,580237	75,794548	75,036599	67,138994	66,564263	67,535079	67,883174	22,914962	23,371956
306,000000	81,216000	133,356974	121,815026	100,306171	88,614026	75,840445	75,077416	67,064176	66,655802	67,568786	67,940440	22,902373	23,300145
307,000000	81,216000	133,536779	121,923476	100,328031	88,659763	75,873849	75,120412	67,101787	66,677885	67,581191	67,924177	22,883873	23,325754
308,000000	81,216000	133,716289	122,040842	100,364242	88,689157	75,920606	75,166277	67,113644	66,696092	67,636773	68,004944	22,892955	23,348135
309,000000	81,216000	133,901787	122,146334	100,387573	88,700286	75,963206	75,212376	67,126864	66,696872	67,693745	68,097611	22,902313	23,330564
310,000000	81,216000	134,082516	122,249545	100,474767	88,711662	76,009164	75,250568	67,102099	66,765501	67,756573	68,159413	22,913626	23,380753
311,000000	81,216000	134,277019	122,357737	100,479999	88,734976	76,053328	75,287430	67,259344	66,873096	67,804051	68,260435	22,908343	23,390922
312,000000	81,216000	134,453047	122,458127	100,480825	88,770363	76,087447	75,327729	67,280788	66,870565	67,816244	68,279130	22,926698	23,420232
313,000000	81,216000	134,626546	122,548688	100,450182	88,816269	76,128826	75,356205	67,340925	66,835502	67,819054	68,325881	22,927819	23,359678
314,000000	81,216000	134,796258	122,635811	100,431300	88,883483	76,155650	75,385552	67,336567	66,847852	67,854616	68,377059	22,906346	23,343235
315,000000	81,216000	134,959750	122,721961	100,472426	88,953596	76,196042	75,416973	67,306674	66,908961	67,892909	68,443566	22,914803	23,347822
316,000000	81,216000	135,150401	122,818280	100,510415	89,017297	76,232203	75,447746	67,322179	66,952636	67,951677	68,490971	22,917341	23,285807
317,000000	81,216000	135,316663	122,904613	100,523401	89,091034	76,267471	75,489273	67,320852	66,921872	67,984418	68,546779	22,905937	23,236510
318,000000	81,216000	135,475137	122,995334	100,638374	89,145551	76,309618	75,528519	67,354743	66,948015	68,057067	68,559898	22,897928	23,185820
319,000000	81,216000	135,635735	123,084261	100,817814	89,200229	76,349445	75,567916	67,387246	66,963099	68,127218	68,619799	22,898861	23,201746
320,000000	81,216000	135,789900	123,178338	100,947389	89,236698	76,391996	75,604164	67,521820	66,875369	68,128750	68,679034	22,899765	23,251531
321,000000	81,216000	135,955685	123,285831	101,050745	89,253702	76,426114	75,629067	67,556377	66,836309	68,089957	68,667747	22,898512	23,288983
322,000000	81,216000	136,109061	123,393477	101,126151	89,314743	76,468408	75,679277	67,640401	67,012046	68,152597	68,737181	22,906283	23,301796
323,000000	81,216000	136,262157	123,498576	101,190053	89,377436	76,510979	75,721260	67,773979	67,063263	68,204869	68,783660	22,922975	23,312394
324,000000	81,216000	136,416512	123,599333	101,266002	89,427152	76,546363	75,760233	67,772712	67,122618	68,268474	68,800745	22,932924	23,356022
325,000000	81,216000	136,561565	123,710473	101,355434	89,469783	76,591692	75,794521	67,763996	67,267674	68,313387	68,828264	22,926677	23,398418
326,000000	81,216000	136,719832	123,827291	101,429820	89,567641	76,624599	75,829422	67,758390	67,274156	68,402444	68,876631	22,926310	23,367463
327,000000	81,216000	136,864805	123,926652	101,485365	89,652940	76,662727	75,864652	67,865655	67,183053	68,382352	68,888211	22,916054	23,322725
328,000000	81,216000	137,011552	124,030971	101,565719	89,714924	76,703663	75,920583	67,905809	67,210892	68,384752	68,956325	22,920723	23,341462
329,000000	81,216000	137,146399	124,137023	101,683007	89,757317	76,741546	75,952831	67,937923	67,295408	68,463732	69,033373	22,924513	23,346167
330,000000	81,216000	137,289445	124,248261	101,785007	89,827945	76,799568	76,004886	68,019588	67,369139	68,499298	69,033201	22,944873	23,416251
331,000000	81,216000	137,452944	124,356900	101,868336	89,903808	76,839214	76,048142	68,035367	67,412852	68,493433	69,098637	22,935551	23,417224
332,000000	81,216000	137,582268	124,462707	101,964522	89,961000	76,882783	76,089634	68,023084	67,548217	68,590318	69,159203	22,945389	23,428964
333,000000	81,216000	137,723468	124,569060	102,070008	90,028728	76,926366	76,130660	67,987737	67,569491	68,671113	69,129862	22,951510	23,447466
334,000000	81,216000	137,858035	124,679291	102,159474	90,090387	76,965403	76,163454	68,085562	67,572263	68,650434	69,137870	22,932925	23,348753
335,000000	81,216000	137,984537	124,778120	102,249783	90,154666	77,003434	76,204536	68,061318	67,571981	68,674191	69,177968	22,918212	23,334632
336,000000	81,216000	138,143793	124,893676	102,356771	90,236665	77,059656	76,234304	68,067350	67,601452	68,783268	69,129605	22,922603	23,386204
337,000000	81,216000	138,263627	124,989668	102,505902	90,311470	77,095256	76,274424	68,114567	67,685994	68,843354	69,184794	22,926156	23,407303
338,000000	81,216000	138,396411	125,107935	102,605586	90,382064	77,136829	76,312436	68,147353	67,659281	68,835237	69,226845	22,923315	23,378007
339,000000	81,216000	138,529577	125,227875	102,698578	90,445843	77,188535	76,347574	68,144583	67,664468	68,827051	69,287560	22,918529	23,410848
340,000000	81,216000	138,656450	125,346876	102,798734	90,498733	77,226317	76,386068	68,201850	67,584473	68,822963	69,365223	22,925719	23,399372
341,000000	81,216000	138,822789	125,485551	102,933482	90,564435	77,273137	76,414971	68,182425	67,631537	68,817906	69,288874	22,915087	23,347609
342,000000	81,216000	138,970310	125,598585	103,010074	90,632206	77,310323	76,432879	68,337367	67,655551	68,781700	69,300479	22,912606	23,315303
343,000000	81,216000	139,118294	125,708267	103,046884	90,691347	77,328007	76,459091	68,375127	67,646231	68,818332	69,320266	22,898569	23,276878
344,000000	81,216000	139,265051	125,831151	103,152301	90,750785	77,365847	76,502067	68,338727	67,649145	68,843942	69,331979	22,891062	23,233961
345,000000	81,216000	139,398041	125,943185	103,249594	90,806695	77,402736	76,533305	68,335547	67,712891	68,899961	69,380051	22,886478	23,193274
346,000000	81,216000	139,568681	126,079104	103,331936	90,862321	77,448710	76,566870	68,340299	67,675642	68,963171	69,459280	22,898316	23,188694
347,000000	81,216000	139,712302	126,193425	103,444280	90,920063	77,483378	76,594650	68,334979	67,695386	68,996893	69,475082	22,895271	23,205273
348,000000	81,216000	139,848166	126,299596	103,539691	90,957144	77,502806	76,612779	68,329391	67,755912	68,980874	69,488846	22,888750	23,184795
349,000000	81,216000	139,984057	126,408870	103,654674	91,000464	77,529860	76,630412	68,376799	67,750457	68,971338	69,511742	22,895536	23,245240
350,000000	81,216000	140,124233	126,521080	103,789748	91,059926	77,552104	76,651788	68,358123	67,789737	68,977483	69,509008	22,911391	23,250070
351,000000	81,216000	140,286601	126,656958	103,911977	91,128054	77,579463	76,674277	68,416022	67,805552	68,991305	69,567570	22,920756	23,225923
352,000000	81,216000	140,423477	126,776067	104,028281	91,170926	77,606755	76,695841	68,404261	67,897509	69,043666	69,659241	22,891516	23,177804
353,000000	81,216000	140,563987	126,892726	104,087749	91,224145	77,638609	76,729576	68,364627	67,931174	69,122082	69,731360	22,886186	23,132541
354,000000	81,216000	140,706983	127,014731	104,185963	91,281771	77,659956	76,753519	68,428764	67,892910	69,185777	69,782898	22,891325	23,146247
355,000000	81,216000	140,848209	127,135705	104,285028	91,329065	77,677900	76,770916	68,375635	68,009370	69,241114	69,783633	22,900552	23,157000
356,000000	81,216000	140,993014	127,241488	104,385094	91,411553	77,684233	76,772351	68,373135	67,989923	69,222583	69,765539	22,886737	23,143612
357,000000	81,216000	141,137240	127,364610	104,497479	91,494138	77,713679	76,806741	68,440629	68,061354	69,317482	69,809715	22,875075	23,096798
358,000000	81,216000	141,274915	127,473033	104,551732	91,538315	77,737230	76,826175	68,357642	68,045692	69,361444	69,825075	22,857545	23,076369
359,000000	81,216000	141,414272	127,582287	104,593195	91,590971	77,770149	76,850664	68,405254	68,008312	69,350610	69,865997	22,863906	23,072626
360,000000	81,216000	141,551024	127,694183	104,632587	91,655404	77,802042	76,867615	68,443746	67,982886	69,314304	69,943373	22,874925	23,123505
361,000000	81,216000	141,709121	127,812800	104,747337	91,721981	77,823428	76,889446	68,642363	68,188327	69,333531	69,920092	22,865980	23,045887
362,000000	81,216000	141,831143	127,915917	104,816882	91,753051	77,846933	76,912518	68,571777	68,156129	69,357459	69,940992	22,839844	22,963087
363,000000	81,216000	141,955790	128,019008	104,909886	91,764889	77,873167	76,938646	68,504569	68,224105	69,433778	69,985536	22,815400	22,890502
364,000000	81,216000	142,095873	128,118217	104,974687	91,783192	77,902160	76,967757	68,537688	68,248938	69,492206	70,040554	22,822987	22,934905
365,000000	81,216000	142,235777	128,220376	104,987196	91,795022	77,932962	76,992559	68,586799	68,335134	69,508129	70,060302	22,847509	23,013725
366,000000	81,216000	142,383104	128,333932	104,994110	91,809045	77,962736	77,028547	68,612896	68,230118	69,521927	70,056981	22,877095	23,107616
367,000000	81,216000	142,499599	128,420884	105,068031	91,840166	77,990148	77,049286	68,638355	68,106748	69,498495	70,178902	22,889399	23,158859
368,000000	81,216000	142,628501	128,510941	105,160092	91,868935	78,023448	77,087431	68,789185	68,187881	69,551196	70,154350	22,896896	23,185935
369,000000	81,216000	142,753249	128,603775	105,232102	91,888534	78,059615	77,126800	68,913275	68,253709	69,582631	70,137034	22,892150	23,158546
370,000000	81,216000	142,869066	128,695788	105,329947	91,915465	78,098500	77,162154	68,910882	68,200861	69,562259	70,198238	22,867557	23,106270
371,000000	81,216000	143,011295	128,789085	105,459633	91,940167	78,124297	77,188535	68,818445	68,302222	69,593546	70,199689	22,853910	23,122166
372,000000	81,216000	143,137975	128,889197	105,538278	91,975657	78,160549	77,213488	68,832645	68,286447	69,607326	70,252081	22,852928	23,079100
373,000000	81,216000	143,251715	128,985032	105,607189	92,029250	78,181023	77,221859	68,805670	68,263336	69,609910	70,276854	22,810001	23,014497
374,000000	81,216000	143,380687	129,077826	105,725170	92,106087	78,202583	77,232464	68,814125	68,350991	69,659845	70,276350	22,803788	22,965312
375,000000	81,216000	143,502788	129,176249	105,916470	92,182431	78,225607	77,229777	68,745137	68,401624	69,664985	70,258700	22,787050	22,941959
376,000000	81,216000	143,634297	129,303567	106,172790	92,270296	78,239102	77,261361	68,772230	68,373728	69,713262	70,304728	22,755864	22,909980
377,000000	81,216000	143,760499	129,421947	106,333329	92,314833	78,258275	77,264769	68,782895	68,462551	69,727626	70,346079	22,758875	22,937255
378,000000	81,216000	143,878968	129,539820	106,442354	92,358485	78,275684	77,280950	68,736453	68,409236	69,737649	70,339659	22,747552	22,926243
379,000000	81,216000	143,997598	129,665228	106,540896	92,392912	78,303880	77,298708	68,754306	68,348690	69,731382	70,361483	22,746729	22,875968
380,000000	81,216000	144,119840	129,786755	106,631628	92,426017	78,325597	77,318480	68,818001	68,359413	69,718993	70,357550	22,730130	22,812442
381,000000	81,216000	144,247699	129,917944	106,742768	92,471203	78,351601	77,350342	68,997029	68,350516	69,719967	70,430208	22,714149	22,820084
382,000000	81,216000	144,374969	130,032875	106,886720	92,489498	78,378210	77,386744	68,964834	68,428255	69,774501	70,406438	22,751428	22,902024
383,000000	81,216000	144,497788	130,134125	107,054574	92,488437	78,396352	77,399189	68,932351	68,422704	69,737673	70,385523	22,776703	22,909570
384,000000	81,216000	144,618020	130,246333	107,272272	92,498120	78,414349	77,408243	68,945948	68,494435	69,696364	70,260767	22,769352	22,860462
385,000000	81,216000	144,732493	130,368990	107,457749	92,524769	78,430352	77,420282	68,974115	68,521500	69,713347	70,223761	22,760882	22,844644
386,000000	81,216000	144,877651	130,514447	107,602898	92,604507	78,448091	77,431495	68,962623	68,429889	69,763629	70,337598	22,783853	22,936812
387,000000	81,216000	144,989948	130,626470	107,800677	92,636671	78,461421	77,437586	69,026437	68,437540	69,759039	70,431247	22,779462	22,976050
388,000000	81,216000	145,113601	130,754034	108,068949	92,667576	78,481340	77,442482	69,013642	68,396727	69,738475	70,437077	22,794889	23,005591
389,000000	81,216000	145,234115	130,892608	108,333249	92,707286	78,484139	77,442685	68,986012	68,317057	69,742295	70,412011	22,786957	23,008721
390,000000	81,216000	145,341206	131,030213	108,568745	92,783689	78,490334	77,428666	69,020182	68,299030	69,677477	70,383691	22,771103	22,954606
391,000000	81,216000	145,483355	131,196496	108,822975	92,887775	78,486445	77,432676	69,102680	68,386836	69,658369	70,393874	22,761337	22,920770
392,000000	81,216000	145,615314	131,354953	109,015123	92,948488	78,518306	77,475939	69,037599	68,416467	69,712870	70,440944	22,775203	22,993376
393,000000	81,216000	145,738557	131,493927	109,084269	92,984078	78,527563	77,499851	69,076905	68,458685	69,767497	70,473388	22,780338	22,996557
394,000000	81,216000	145,850035	131,630033	109,071802	93,008220	78,554392	77,523017	69,051675	68,492753	69,787165	70,540391	22,765375	22,947043
395,000000	81,216000	145,969571	131,751688	109,061889	93,037361	78,569081	77,532012	69,020977	68,455131	69,810916	70,617289	22,751743	22,907735
396,000000	81,216000	146,097815	131,882975	109,077413	93,079728	78,590787	77,560804	69,068421	68,442746	69,805058	70,618693	22,761098	22,993933
397,000000	81,216000	146,230564	131,989171	109,117785	93,129144	78,615833	77,579143	69,038434	68,537092	69,836498	70,598028	22,817790	23,072216
398,000000	81,216000	146,337641	132,085429	109,229231	93,152976	78,624260	77,594614	69,034523	68,468807	69,877005	70,615291	22,817978	23,073092
399,000000	81,216000	146,450242	132,183518	109,392177	93,174472	78,645425	77,597760	69,039220	68,466692	69,904048	70,673226	22,820187	23,093282
400,000000	81,216000	146,563500	132,281267	109,575135	93,199625	78,655930	77,608748	69,045199	68,563732	69,910491	70,686564	22,810067	23,022178
401,000000	81,216000	146,704281	132,405675	109,755369	93,246058	78,684802	77,635287	69,107281	68,611109	69,967632	70,732785	22,797264	23,066967
402,000000	81,216000	146,820917	132,511560	109,858362	93,263498	78,702258	77,651061	69,120391	68,549262	70,013913	70,733787	22,773982	23,086360
403,000000	81,216000	146,936915	132,627366	109,917815	93,276196	78,731014	77,682436	69,083085	68,566250	70,009181	70,732443	22,796255	23,075601
404,000000	81,216000	147,042928	132,727935	109,994293	93,282215	78,738762	77,695177	69,072594	68,589013	69,966640	70,697384	22,813542	23,084652
405,000000	81,216000	147,153887	132,825191	110,097003	93,298228	78,753862	77,711595	69,160969	68,595741	69,963718	70,718730	22,802890	23,012364
406,000000	81,216000	147,286593	132,944360	110,158706	93,341505	78,776238	77,724813	69,173270	68,554652	69,947132	70,719424	22,766081	22,962139
407,000000	81,216000	147,400697	133,046030	110,226420	93,385086	78,799545	77,738732	69,138630	68,528543	69,939488	70,730721	22,757954	22,959678
408,000000	81,216000	147,513669	133,146234	110,278131	93,418280	78,820701	77,749279	69,130283	68,558024	69,962756	70,742452	22,743613	22,889580
409,000000	81,216000	147,618554	133,228207	110,367025	93,460000	78,838359	77,756101	69,245964	68,605371	69,990709	70,748822	22,762533	22,989585
410,000000	81,216000	147,732936	133,322486	110,506676	93,497228	78,851795	77,773342	69,262523	68,697500	70,005611	70,765587	22,785716	22,985439
411,000000	81,216000	147,838129	133,426185	110,545774	93,510912	78,872175	77,797342	69,236376	68,610231	70,084181	70,914210	22,755275	22,947203
412,000000	81,216000	147,947668	133,516454	110,520586	93,509867	78,898255	77,817575	69,174766	68,676572	70,130699	70,912669	22,774065	23,017265
413,000000	81,216000	148,053707	133,599494	110,546685	93,510674	78,918465	77,829840	69,228855	68,645607	70,102571	70,940518	22,781793	22,944392
414,000000	81,216000	148,154343	133,678550	110,689813	93,525553	78,926975	77,825379	69,180245	68,695243	70,061163	70,932245	22,765218	22,869726
415,000000	81,216000	148,260554	133,761775	110,866164	93,574989	78,936565	77,821958	69,183555	68,717395	70,094427	70,960231	22,762535	22,903367
416,000000	81,216000	148,376442	133,867349	111,069765	93,656696	78,943042	77,817768	69,208420	68,751594	70,163930	70,976975	22,748499	22,905373
417,000000	81,216000	148,481519	133,963674	111,271381	93,707345	78,952098	77,817942	69,223312	68,767916	70,159621	70,988597	22,753080	22,925568
418,000000	81,216000	148,583868	134,064392	111,439166	93,765723	78,958393	77,822469	69,176068	68,763723	70,172015	71,010800	22,766235	22,929533
419,000000	81,216000	148,692497	134,174163	111,603397	93,824644	78,963462	77,826552	69,150882	68,758284	70,246811	71,062141	22,772906	22,907880
420,000000	81,216000	148,794209	134,288283	111,758102	93,875378	78,975333	77,855122	69,088046	68,830469	70,268636	71,098775	22,753338	22,884414
421,000000	81,216000	148,905024	134,411360	111,930723	93,871364	78,982868	77,874233	69,111441	68,735918	70,221645	71,143620	22,735000	22,920775
422,000000	81,216000	149,018945	134,523677	111,978633	93,848969	79,007021	77,912547	69,129754	68,692634	70,267386	71,241743	22,720197	22,913748
423,000000	81,216000	149,115856	134,635290	111,983390	93,811958	79,025058	77,945185	69,169894	68,721916	70,309531	71,310598	22,713413	22,906814
424,000000	81,216000	149,207069	134,736171	112,003381	93,786593	79,031807	77,958972	69,195921	68,741804	70,339653	71,368141	22,709508	22,822065
425,000000	81,216000	149,317336	134,822736	112,033342	93,791666	79,038827	77,979084	69,232707	68,853373	70,414280	71,372854	22,690122	22,799011
426,000000	81,216000	149,436733	134,926341	112,045798	93,811218	79,066561	78,005165	69,299177	68,897246	70,465946	71,399570	22,679238	22,801376
427,000000	81,216000	149,544449	135,014574	111,966646	93,811096	79,093613	78,048322	69,238144	68,914502	70,428776	71,414555	22,687306	22,779427
428,000000	81,216000	149,640342	135,079535	111,936894	93,790786	79,108185	78,056836	69,242281	68,922936	70,397389	71,441337	22,686958	22,772877
429,000000	81,216000	149,737482	135,144004	111,984337	93,812731	79,128819	78,079825	69,353949	68,946495	70,413177	71,461866	22,686547	22,805008
430,000000	81,216000	149,847255	135,217700	112,075502	93,832958	79,152775	78,107588	69,378928	69,019807	70,454593	71,466996	22,691329	22,804506
431,000000	81,216000	149,961278	135,297028	112,198274	93,831475	79,193267	78,128840	69,329740	68,973463	70,499368	71,401320	22,693471	22,746999
432,000000	81,216000	150,049816	135,363157	112,247507	93,835066	79,205912	78,150217	69,327860	68,908311	70,492640	71,382137	22,668869	22,706089
433,000000	81,216000	150,135864	135,430502	112,291476	93,849535	79,218162	78,170382	69,403099	68,900184	70,442612	71,407300	22,648269	22,738213
434,000000	81,216000	150,235065	135,510000	112,312178	93,860714	79,243665	78,194044	69,583334	68,921221	70,450825	71,431551	22,676248	22,862236
435,000000	81,216000	150,323567	135,570113	112,330781	93,900772	79,252013	78,205707	69,635772	68,947314	70,506946	71,435836	22,694367	22,900062
436,000000	81,216000	150,428014	135,655598	112,465522	93,975674	79,284632	78,222880	69,542640	69,037702	70,590564	71,546748	22,710823	22,912453
437,000000	81,216000	150,524850	135,723967	112,577799	94,028682	79,298531	78,246768	69,673334	69,124580	70,573500	71,561463	22,690616	22,882111
438,000000	81,216000	150,609709	135,796202	112,666087	94,070249	79,314514	78,269620	69,669254	69,105608	70,641301	71,603352	22,669651	22,825173
439,000000	81,216000	150,705418	135,872319	112,698162	94,116161	79,341409	78,302220	69,622818	69,174944	70,659786	71,632909	22,684544	22,869457
440,000000	81,216000	150,790091	135,935579	112,737748	94,144404	79,356516	78,315217	69,639123	69,252859	70,666234	71,641851	22,703323	22,995350
441,000000	81,216000	150,892107	136,021567	112,786675	94,183803	79,393943	78,362840	69,775975	69,254915	70,755830	71,800366	22,715348	22,996081
442,000000	81,216000	150,988038	136,090266	112,711894	94,199116	79,426909	78,408928	69,776141	69,395488	70,804669	71,845043	22,713893	22,947939
443,000000	81,216000	151,067688	136,151883	112,548668	94,205551	79,455650	78,452925	69,718107	69,336220	70,847127	71,830224	22,684621	22,885955
444,000000	81,216000	151,154871	136,201153	112,393680	94,220363	79,498605	78,496512	69,796136	69,327348	70,891186	71,889932	22,653555	22,771332
445,000000	81,216000	151,241459	136,234580	112,273934	94,224751	79,537261	78,537449	69,852683	69,287223	70,906450	71,962430	22,617216	22,678181
446,000000	81,216000	151,335146	136,261209	112,174197	94,199850	79,571855	78,578285	69,815479	69,314056	70,891245	71,957830	22,595918	22,644594
447,000000	81,216000	151,415916	136,287901	112,122929	94,191929	79,606305	78,610491	69,807468	69,290343	70,900780	71,974790	22,613807	22,657616
448,000000	81,216000	151,497217	136,308718	112,104637	94,191214	79,640961	78,626859	69,805688	69,393500	70,962590	72,017910	22,588612	22,612741
449,000000	81,216000	151,579454	136,331631	112,108294	94,208643	79,672923	78,646479	69,801206	69,454066	71,029468	72,062473	22,567080	22,589907
450,000000	81,216000	151,646268	136,354281	112,095410	94,224410	79,697313	78,649996	69,738182	69,462754	71,064054	72,144534	22,549815	22,570652
451,000000	81,216000	151,736708	136,378870	112,113008	94,250676	79,722197	78,684683	69,720577	69,428442	71,066913	72,133583	22,542762	22,528360
452,000000	81,216000	151,816494	136,412908	112,140253	94,269842	79,745023	78,704418	69,736084	69,501821	71,078693	72,143324	22,528232	22,493986
453,000000	81,216000	151,887749	136,436549	112,123085	94,304148	79,763764	78,717648	69,706706	69,546931	71,114339	72,171251	22,522411	22,453571
454,000000	81,216000	151,957486	136,469980	112,128426	94,337608	79,785757	78,744732	69,707050	69,506750	71,115102	72,212349	22,497247	22,386141
455,000000	81,216000	152,017215	136,498369	112,121878	94,334997	79,813039	78,776382	69,674732	69,486732	71,152728	72,273613	22,484581	22,395774
456,000000	81,216000	152,111235	136,536754	112,083210	94,343350	79,843521	78,815372	69,785593	69,432653	71,193393	72,276024	22,482488	22,360994
457,000000	81,216000	152,173729	136,565330	112,045392	94,327021	79,865361	78,829042	69,800946	69,559223	71,226152	72,353220	22,456676	22,278574
458,000000	81,216000	152,244488	136,595228	112,033948	94,312713	79,894828	78,850792	69,752609	69,512994	71,274875	72,353284	22,439110	22,274147
459,000000	81,216000	152,306724	136,610012	112,079815	94,306131	79,908739	78,862913	69,863639	69,437647	71,285376	72,434219	22,448362	22,326437
460,000000	81,216000	152,380946	136,634768	112,124745	94,314598	79,925542	78,874305	69,823153	69,460037	71,325836	72,490482	22,447549	22,391266
461,000000	81,216000	152,455556	136,674909	112,153805	94,349293	79,951609	78,898132	69,868836	69,609490	71,386144	72,526236	22,441811	22,428515
462,000000	81,216000	152,518916	136,707159	112,152028	94,394425	79,958212	78,906781	69,902971	69,608913	71,331070	72,469188	22,434731	22,326754
463,000000	81,216000	152,587853	136,750771	112,151546	94,459806	79,978904	78,918970	69,873211	69,631623	71,317914	72,428670	22,400438	22,282949
464,000000	81,216000	152,649852	136,782018	112,161732	94,514980	79,997517	78,938142	69,922328	69,651801	71,385805	72,447077	22,393584	22,351507
465,000000	81,216000	152,706175	136,814680	112,224116	94,534592	80,018191	78,967107	70,096407	69,637399	71,390078	72,493533	22,418435	22,430465
466,000000	81,216000	152,781792	136,858796	112,266333	94,525143	80,039382	78,990540	70,263032	69,875146	71,400482	72,427213	22,497022	22,533834
467,000000	81,216000	152,843919	136,892387	112,279337	94,542493	80,055611	79,018459	70,176890	69,806993	71,427160	72,433857	22,508293	22,558318
468,000000	81,216000	152,921881	136,932204	112,307300	94,567752	80,079702	79,036272	70,258423	69,760455	71,393920	72,398799	22,499688	22,588167
469,000000	81,216000	152,981504	136,959848	112,319399	94,596661	80,083522	79,041206	70,226523	69,699841	71,348595	72,389776	22,510839	22,670702
470,000000	81,216000	153,040136	137,008412	112,319800	94,627775	80,109050	79,045487	70,261786	69,713229	71,321756	72,332325	22,542157	22,740108
471,000000	81,216000	153,119389	137,046036	112,346000	94,672914	80,125248	79,045656	70,329050	69,752145	71,242045	72,348257	22,548368	22,762473
472,000000	81,216000	153,193737	137,085172	112,410615	94,739888	80,145745	79,058438	70,358247	69,690490	71,285779	72,406607	22,553892	22,778446
473,000000	81,216000	153,249769	137,127093	112,454271	94,790009	80,152342	79,079557	70,458944	69,704714	71,325286	72,518603	22,569366	22,784648
474,000000	81,216000	153,312701	137,170527	112,493899	94,803323	80,172259	79,108238	70,446207	69,828335	71,347391	72,540941	22,585002	22,845677
475,000000	81,216000	153,391977	137,206434	112,565407	94,807333	80,196462	79,136600	70,513854	69,879133	71,431826	72,541734	22,593556	22,843012
476,000000	81,216000	153,455426	137,259303	112,618665	94,776424	80,220141	79,163394	70,462513	69,924470	71,474636	72,540362	22,605716	22,906953
477,000000	81,216000	153,520006	137,308737	112,641841	94,785219	80,242455	79,179912	70,529299	69,920132	71,455304	72,599356	22,620001	22,903853
478,000000	81,216000	153,585769	137,354128	112,668226	94,791825	80,258617	79,196243	70,503540	69,943884	71,455039	72,672577	22,581707	22,778022
479,000000	81,216000	153,646501	137,403820	112,689876	94,804810	80,275965	79,216860	70,496363	70,011712	71,502490	72,714890	22,502505	22,665360
480,000000	81,216000	153,714480	137,449027	112,714848	94,838146	80,292114	79,237494	70,488995	69,974012	71,613294	72,788048	22,475486	22,631723
481,000000	81,216000	153,781696	137,495062	112,712942	94,845826	80,326517	79,272223	70,568652	69,960622	71,679928	72,771703	22,457275	22,644003
482,000000	81,216000	153,860362	137,542859	112,741507	94,862975	80,343227	79,303280	70,456119	70,001303	71,725811	72,832711	22,457208	22,634783
483,000000	81,216000	153,919859	137,576836	112,731867	94,875723	80,362045	79,331021	70,427264	69,920591	71,680045	72,840732	22,447716	22,620890
484,000000	81,216000	153,977874	137,612823	112,708515	94,894186	80,384797	79,347359	70,493697	69,885213	71,673770	72,881912	22,439735	22,634550
485,000000	81,216000	154,036447	137,646585	112,698221	94,921622	80,400628	79,370369	70,511698	69,972380	71,727637	72,942888	22,446086	22,539057
486,000000	81,216000	154,104687	137,691072	112,658461	94,962406	80,436236	79,406262	70,521123	70,102954	71,793191	72,996704	22,428979	22,577455
487,000000	81,216000	154,166534	137,714104	112,621751	94,977081	80,452366	79,419816	70,442080	69,998157	71,800204	73,017938	22,454252	22,674717
488,000000	81,216000	154,221548	137,737012	112,620288	94,988928	80,469882	79,445734	70,581751	70,002034	71,799858	73,075296	22,486436	22,745175
489,000000	81,216000	154,278641	137,764434	112,628451	95,002370	80,496024	79,478506	70,751495	70,110049	71,819821	73,126250	22,504013	22,854310
490,000000	81,216000	154,344446	137,797114	112,617409	95,002633	80,520251	79,508540	70,699930	70,175484	71,788466	73,109757	22,542237	22,986312
491,000000	81,216000	154,416607	137,816555	112,639935	95,011192	80,561883	79,546771	70,698873	70,156946	71,801264	73,143562	22,580414	23,013051
492,000000	81,216000	154,465787	137,850204	112,615238	94,990198	80,584108	79,569109	70,732296	70,249993	71,883428	73,156043	22,574199	23,043231
493,000000	81,216000	154,524371	137,877216	112,607483	94,978781	80,606102	79,603112	70,765016	70,290252	71,924476	73,187450	22,561655	23,009692
494,000000	81,216000	154,571781	137,892185	112,596283	94,969715	80,624470	79,613800	70,740033	70,296534	71,935540	73,235594	22,543679	22,984042
495,000000	81,216000	154,626900	137,914940	112,587423	94,994874	80,643141	79,639239	70,785564	70,259686	72,012586	73,268562	22,561078	22,997216
496,000000	81,216000	154,690964	137,938793	112,625574	95,014504	80,665162	79,664882	70,865668	70,365072	72,049513	73,326680	22,554028	23,023158
497,000000	81,216000	154,752261	137,971388	112,667409	95,029421	80,698768	79,684389	70,872714	70,388995	72,060011	73,331394	22,543724	23,003986
498,000000	81,216000	154,808617	138,001920	112,686783	95,059367	80,714632	79,699584	70,791984	70,432985	72,121256	73,360579	22,544413	22,987875
499,000000	81,216000	154,848006	138,027308	112,715252	95,098792	80,724994	79,713966	70,870205	70,454067	72,158690	73,381137	22,528643	23,011342
500,000000	81,216000	154,903600	138,059392	112,779352	95,139504	80,747946	79,734632	70,913010	70,530865	72,172216	73,382211	22,540953	23,028806
501,000000	81,216000	154,968987	138,098595	112,796846	95,179626	80,775744	79,769048	70,937819	70,452965	72,143368	73,408561	22,554791	22,984274
502,000000	81,216000	155,011275	138,133831	112,747142	95,169228	80,791919	79,807331	70,931986	70,460888	72,203391	73,470496	22,517186	22,868700
503,000000	81,216000	155,056855	138,156536	112,741100	95,125419	80,818446	79,829353	70,958917	70,500173	72,259593	73,569276	22,481359	22,769390
504,000000	81,216000	155,118832	138,182180	112,760928	95,127730	80,846571	79,845801	71,002070	70,595625	72,245793	73,617909	22,463855	22,687149
505,000000	81,216000	155,173585	138,213195	112,751494	95,177178	80,874493	79,861014	70,964066	70,659163	72,269755	73,719601	22,459100	22,719769
506,000000	81,216000	155,214831	138,237855	112,771840	95,259093	80,891002	79,888294	71,188723	70,687508	72,291936	73,769605	22,525047	22,772318
507,000000	81,216000	155,266503	138,262617	112,816264	95,304533	80,912055	79,909921	71,194204	70,591646	72,321510	73,818554	22,531279	22,770699
508,000000	81,216000	155,304073	138,284998	112,815783	95,341226	80,931138	79,927472	71,246995	70,598697	72,323081	73,784616	22,524711	22,775735
509,000000	81,216000	155,350557	138,309708	112,836180	95,384787	80,958489	79,959780	71,221281	70,688361	72,393111	73,787065	22,545450	22,811125
510,000000	81,216000	155,399572	138,333394	112,847958	95,424004	80,981154	79,989597	71,184157	70,711089	72,410730	73,764451	22,568334	22,850265
511,000000	81,216000	155,449642	138,374052	112,850563	95,442596	81,018584	80,023544	71,189822	70,577025	72,372948	73,777247	22,566383	22,860334
512,000000	81,216000	155,497467	138,399132	112,887087	95,444774	81,035744	80,034612	71,217363	70,620581	72,379208	73,846077	22,577147	22,832315
513,000000	81,216000	155,553978	138,424930	112,960236	95,451913	81,059079	80,057267	71,181918	70,639219	72,424169	73,893141	22,549167	22,722066
514,000000	81,216000	155,584038	138,450821	112,970704	95,462198	81,079474	80,072343	71,193537	70,763347	72,469340	73,845838	22,485507	22,534765
515,000000	81,216000	155,623836	138,486134	112,953062	95,479615	81,100083	80,097092	71,118661	70,736893	72,486089	73,887543	22,432785	22,424279
516,000000	81,216000	155,678990	138,524113	113,000408	95,507493	81,120962	80,115153	71,162090	70,697389	72,578347	73,871764	22,387224	22,370747
517,000000	81,216000	155,722556	138,553672	113,052335	95,541450	81,145500	80,131184	71,204674	70,709965	72,555055	73,836703	22,408978	22,419706
518,000000	81,216000	155,771829	138,583194	113,113271	95,575338	81,163497	80,137437	71,163441	70,715531	72,521823	73,876873	22,391778	22,359705
519,000000	81,216000	155,812354	138,614827	113,147209	95,615989	81,180206	80,141470	71,194080	70,731223	72,496039	73,897713	22,370092	22,372159
520,000000	81,216000	155,852807	138,653323	113,161699	95,661827	81,197916	80,169462	71,329401	70,753547	72,495044	73,939463	22,385707	22,445591
521,000000	81,216000	155,906049	138,691491	113,193532	95,638544	81,218641	80,203372	71,364047	70,794522	72,461173	73,951264	22,395344	22,492694
522,000000	81,216000	155,944550	138,723536	113,214205	95,622514	81,240427	80,213792	71,258764	70,820716	72,475925	73,985665	22,416903	22,517275
523,000000	81,216000	155,984320	138,753332	113,228008	95,634959	81,254335	80,220728	71,210845	70,821528	72,484763	73,962625	22,414223	22,537308
524,000000	81,216000	156,024721	138,785657	113,281877	95,653809	81,273706	80,215477	71,160575	70,763905	72,517081	73,936798	22,427842	22,631392
525,000000	81,216000	156,074371	138,819687	113,341679	95,670303	81,282896	80,216308	71,166889	70,769674	72,534613	73,916501	22,439120	22,604101
526,000000	81,216000	156,119882	138,859027	113,385784	95,709809	81,288167	80,216221	71,189095	70,749803	72,538088	73,939484	22,449008	22,592539
527,000000	81,216000	156,159517	138,891010	113,389247	95,715808	81,294276	80,214615	71,265234	70,698956	72,560343	73,932603	22,435242	22,566558
528,000000	81,216000	156,206084	138,926191	113,409271	95,735282	81,306860	80,222778	71,422197	70,781945	72,594074	73,884991	22,412413	22,619494
529,000000	81,216000	156,245252	138,958954	113,454128	95,761693	81,307931	80,219660	71,370035	70,839962	72,554401	73,768019	22,388500	22,681451
530,000000	81,216000	156,288624	138,997020	113,535736	95,807293	81,312605	80,227413	71,307043	70,873232	72,617487	73,800009	22,380220	22,597271
531,000000	81,216000	156,341146	139,037506	113,554816	95,843006	81,329332	80,238225	71,316700	70,786188	72,626026	73,867402	22,411119	22,655922
532,000000	81,216000	156,389014	139,077566	113,585866	95,851358	81,335148	80,250802	71,364959	70,865309	72,566884	73,868959	22,443111	22,712060
533,000000	81,216000	156,428042	139,114988	113,611944	95,856338	81,347470	80,256075	71,280815	70,890963	72,520112	73,796428	22,461039	22,721631
534,000000	81,216000	156,455299	139,142761	113,622342	95,850283	81,357799	80,254369	71,261877	70,840697	72,541095	73,841564	22,467303	22,774983
535,000000	81,216000	156,497635	139,179143	113,622158	95,847621	81,366743	80,263857	71,337232	70,827498	72,597503	73,907864	22,468000	22,816835
536,000000	81,216000	156,541360	139,217760	113,659802	95,871207	81,377724	80,265368	71,291404	70,740172	72,584469	73,925435	22,486589	22,885858
537,000000	81,216000	156,588107	139,245289	113,674201	95,885738	81,381587	80,273035	71,281813	70,793815	72,584500	73,938050	22,495895	22,972430
538,000000	81,216000	156,635729	139,282718	113,701418	95,900179	81,394838	80,296426	71,352407	70,897902	72,590935	73,978890	22,491716	22,931438
539,000000	81,216000	156,668796	139,312793	113,704206	95,905683	81,402495	80,309724	71,380718	70,898556	72,634081	74,033335	22,476878	22,913323
540,000000	81,216000	156,707314	139,339283	113,691590	95,911728	81,412793	80,320716	71,338639	70,959017	72,653674	73,999711	22,479365	22,916649
541,000000	81,216000	156,753384	139,361798	113,690084	95,916695	81,428077	80,338847	71,436866	70,944021	72,677877	73,973044	22,469828	22,853764
542,000000	81,216000	156,793245	139,399387	113,697076	95,914727	81,445155	80,357824	71,491895	70,894746	72,724294	74,022405	22,488623	22,894591
543,000000	81,216000	156,830029	139,418619	113,707167	95,910497	81,447700	80,367637	71,538903	70,921943	72,667020	74,049592	22,493652	22,932568
544,000000	81,216000	156,862810	139,440785	113,742353	95,914820	81,466807	80,377092	71,591112	70,939661	72,662413	74,104778	22,503501	22,956684
545,000000	81,216000	156,898701	139,458227	113,775195	95,920945	81,476057	80,395405	71,555126	70,933364	72,688065	74,190970	22,509955	22,970479
546,000000	81,216000	156,946822	139,491502	113,753109	95,912410	81,492534	80,426534	71,601358	70,956279	72,697255	74,136033	22,516169	22,970028
547,000000	81,216000	156,979325	139,511943	113,763238	95,895590	81,507745	80,437944	71,535597	70,967972	72,696963	74,159617	22,504360	22,918121
548,000000	81,216000	157,027801	139,547841	113,792411	95,903292	81,523877	80,458505	71,504400	71,035696	72,708305	74,173633	22,498821	22,880207
549,000000	81,216000	157,059691	139,566277	113,795411	95,904136	81,532713	80,471221	71,509796	71,008039	72,692091	74,205901	22,480304	22,875868
550,000000	81,216000	157,099979	139,593020	113,812458	95,927005	81,546175	80,482290	71,603469	70,906367	72,742133	74,262358	22,483773	22,895793
551,000000	81,216000	157,139852	139,620594	113,792745	95,959897	81,558851	80,497832	71,589180	71,042360	72,804745	74,269755	22,496884	22,831879
552,000000	81,216000	157,178393	139,640254	113,767409	95,984872	81,572008	80,508426	71,527324	71,020879	72,898643	74,383085	22,518581	22,824544
553,000000	81,216000	157,220167	139,658394	113,769039	96,016478	81,581078	80,522909	71,493367	71,096353	72,975290	74,472762	22,534005	22,845547
554,000000	81,216000	157,259412	139,670061	113,774463	96,026729	81,588121	80,536213	71,570166	71,087116	72,947783	74,481001	22,533913	22,821338
555,000000	81,216000	157,294891	139,690608	113,776486	96,026938	81,606020	80,554321	71,527364	71,163279	72,971300	74,510411	22,526507	22,828637
556,000000	81,216000	157,326043	139,703752	113,746024	96,041465	81,629039	80,574173	71,452940	71,146242	73,045393	74,598327	22,536222	22,809903
557,000000	81,216000	157,371986	139,725753	113,736705	96,040975	81,646496	80,595105	71,485871	71,106849	73,046134	74,672914	22,552059	22,851110
558,000000	81,216000	157,415733	139,740277	113,747761	96,041613	81,659976	80,613347	71,533958	71,007172	73,070057	74,756210	22,554806	22,884705
559,000000	81,216000	157,435310	139,753528	113,766691	96,037382	81,670113	80,628277	71,556682	71,034954	73,116834	74,773252	22,546166	22,877986
560,000000	81,216000	157,462733	139,765652	113,785055	96,010422	81,687966	80,654928	71,526981	71,080213	73,123289	74,812467	22,525056	22,801767
561,000000	81,216000	157,504388	139,788635	113,822187	95,993966	81,723721	80,670765	71,515878	71,156557	73,205709	74,824940	22,499804	22,748582
562,000000	81,216000	157,534998	139,813611	113,848193	96,020461	81,732481	80,686829	71,648674	71,197420	73,181380	74,743603	22,497969	22,745523
563,000000	81,216000	157,563045	139,835090	113,895889	96,078901	81,744538	80,694273	71,615757	71,224470	73,241274	74,729221	22,484813	22,738156
564,000000	81,216000	157,594758	139,856683	113,948938	96,124806	81,756622	80,704994	71,527679	71,167529	73,243160	74,767344	22,477950	22,725438
565,000000	81,216000	157,618450	139,879034	113,978568	96,157696	81,760581	80,715654	71,493468	71,107845	73,235620	74,776094	22,462863	22,680721
566,000000	81,216000	157,652630	139,908730	114,008376	96,191437	81,768218	80,710190	71,577348	71,140078	73,230355	74,810890	22,452748	22,654642
567,000000	81,216000	157,687781	139,942239	114,004855	96,227826	81,782707	80,725410	71,595354	71,282778	73,230759	74,858260	22,447945	22,628740
568,000000	81,216000	157,711426	139,960156	114,011026	96,242016	81,798708	80,731704	71,592490	71,290716	73,282503	74,895150	22,433923	22,587110
569,000000	81,216000	157,737375	139,986322	113,983590	96,255596	81,809983	80,745921	71,538913	71,302755	73,356375	74,916457	22,430893	22,611924
570,000000	81,216000	157,755140	139,994654	113,967153	96,266621	81,812861	80,758763	71,560459	71,343332	73,381886	74,951171	22,421713	22,599990
571,000000	81,216000	157,801349	140,024715	113,986494	96,277346	81,838651	80,775082	71,675105	71,381260	73,396604	74,983530	22,442619	22,677565
572,000000	81,216000	157,834161	140,038317	114,003998	96,265548	81,855395	80,788102	71,996067	71,427766	73,395862	75,006284	22,439863	22,626789
573,000000	81,216000	157,862015	140,060135	113,991001	96,294666	81,875297	80,815105	71,906152	71,376339	73,340762	74,898947	22,442855	22,648659
574,000000	81,216000	157,888319	140,072471	113,984358	96,331514	81,891626	80,832839	71,926494	71,464592	73,312568	74,891942	22,454427	22,695954
575,000000	81,216000	157,915337	140,094217	114,031140	96,380450	81,908234	80,860791	72,022852	71,383627	73,308221	74,913250	22,471277	22,779835
576,000000	81,216000	157,951538	140,106214	114,055508	96,422680	81,918967	80,873735	72,140122	71,464337	73,315437	74,851611	22,479368	22,850549
577,000000	81,216000	157,975105	140,126218	114,087960	96,454454	81,944021	80,898924	72,095241	71,493296	73,298911	74,857418	22,522272	22,923082
578,000000	81,216000	157,999098	140,148568	114,134986	96,477868	81,967831	80,929966	72,249390	71,510161	73,309856	74,935504	22,544598	22,947991
579,000000	81,216000	158,026569	140,177735	114,154550	96,497636	81,992418	80,958870	72,412895	71,552882	73,360876	74,944475	22,546966	22,902134
580,000000	81,216000	158,059792	140,200160	114,157466	96,520192	82,014049	80,981226	72,383621	71,635267	73,386024	74,916021	22,542074	22,907427
581,000000	81,216000	158,106700	140,224117	114,192868	96,537474	82,037184	80,998887	72,311931	71,639262	73,391741	74,785500	22,566669	23,050631
582,000000	81,216000	158,134984	140,249856	114,244805	96,572947	82,056354	80,995723	72,363402	71,642491	73,391006	74,777947	22,559770	23,061492
583,000000	81,216000	158,149804	140,269840	114,286937	96,602353	82,071021	81,013426	72,324846	71,644580	73,423763	74,847590	22,539898	22,992548
584,000000	81,216000	158,180649	140,302208	114,312967	96,615483	82,095680	81,033571	72,325345	71,694020	73,422667	74,843174	22,522912	22,984649
585,000000	81,216000	158,202881	140,320691	114,326371	96,613671	82,112383	81,042784	72,358130	71,704102	73,417903	74,901617	22,509162	23,026743
586,000000	81,216000	158,250212	140,348938	114,302824	96,612236	82,135830	81,060172	72,235573	71,646154	73,441601	74,909300	22,511015	23,033033
587,000000	81,216000	158,283707	140,376438	114,294136	96,611752	82,153791	81,076984	72,149827	71,588913	73,377359	74,904992	22,516642	23,039685
588,000000	81,216000	158,306759	140,394602	114,276538	96,604184	82,166512	81,080578	72,187346	71,546348	73,368830	74,963480	22,521264	22,994711
589,000000	81,216000	158,330540	140,406996	114,253315	96,601783	82,175092	81,080603	72,248914	71,545515	73,418555	75,018880	22,523940	22,963862
590,000000	81,216000	158,352059	140,422904	114,239863	96,618231	82,188587	81,090393	72,215603	71,589197	73,432880	75,022197	22,508476	22,958631
591,000000	81,216000	158,388369	140,438691	114,225812	96,620549	82,201930	81,090053	72,106034	71,580650	73,418844	74,998234	22,513215	22,996007
592,000000	81,216000	158,416042	140,452877	114,242026	96,608406	82,210376	81,093441	72,089060	71,535157	73,452989	75,054602	22,519555	22,969584
593,000000	81,216000	158,448147	140,467559	114,259514	96,602913	82,216985	81,089874	72,049267	71,540949	73,464001	75,043440	22,531482	22,971742
594,000000	81,216000	158,468864	140,482867	114,296004	96,603994	82,220485	81,086307	72,036322	71,570310	73,452150	75,035912	22,537240	23,044112
595,000000	81,216000	158,490161	140,496826	114,324269	96,599262	82,219466	81,091161	71,971476	71,514268	73,464057	75,046990	22,546845	23,053212
596,000000	81,216000	158,523541	140,517135	114,353048	96,598031	82,229005	81,106038	72,040749	71,611395	73,516447	75,118711	22,539395	23,020821
597,000000	81,216000	158,554140	140,537357	114,366626	96,602405	82,231365	81,110891	72,001957	71,577494	73,515651	75,142893	22,537122	22,975577
598,000000	81,216000	158,575154	140,559828	114,389095	96,605603	82,233888	81,106941	72,038744	71,605579	73,503330	75,198475	22,545769	22,981193
599,000000	81,216000	158,605784	140,581740	114,392033	96,622506	82,233357	81,119499	72,078803	71,618578	73,544245	75,207103	22,545548	22,971520
600,000000	81,216000	158,631181	140,600367	114,373411	96,649058	82,240999	81,136304	72,065931	71,686052	73,561543	75,283870	22,544574	22,950953
601,000000	81,216000	158,659030	140,613799	114,354045	96,662596	82,247822	81,143699	72,038662	71,802933	73,643805	75,410698	22,530845	22,875997
602,000000	81,216000	158,682251	140,627037	114,383245	96,660998	82,247963	81,150745	72,074514	71,835296	73,693231	75,436700	22,531298	22,843608
603,000000	81,216000	158,714311	140,646127	114,443649	96,659463	82,261153	81,157650	72,074711	71,735353	73,667117	75,369348	22,523378	22,833434
604,000000	81,216000	158,739614	140,666317	114,483513	96,670729	82,278293	81,177261	72,032449	71,634138	73,691206	75,397826	22,520890	22,818430
605,000000	81,216000	158,754100	140,679636	114,494127	96,653973	82,281570	81,186724	72,054376	71,635735	73,725465	75,424169	22,508000	22,802409
606,000000	81,216000	158,778855	140,710068	114,536779	96,663070	82,285690	81,187958	72,096457	71,714099	73,700898	75,407524	22,507098	22,807824
607,000000	81,216000	158,811200	140,729418	114,570417	96,688498	82,299563	81,200387	72,185521	71,652878	73,712586	75,416998	22,519325	22,846495
608,000000	81,216000	158,831955	140,758325	114,581792	96,723547	82,304939	81,217481	72,182960	71,631902	73,703338	75,470703	22,523448	22,882309
609,000000	81,216000	158,847767	140,772656	114,582865	96,744671	82,300704	81,227675	72,197176	71,712791	73,676290	75,467525	22,523159	22,899627
610,000000	81,216000	158,874446	140,788965	114,594674	96,764848	82,320751	81,243524	72,164941	71,609270	73,709642	75,514462	22,530437	22,905062
611,000000	81,216000	158,904826	140,814541	114,601007	96,762515	82,335309	81,274947	72,202460	71,692563	73,703784	75,553769	22,527003	22,894779
612,000000	81,216000	158,943331	140,844141	114,584216	96,757670	82,365607	81,303650	72,304528	71,643240	73,722052	75,596521	22,552881	22,931315
613,000000	81,216000	158,957229	140,850724	114,560227	96,743027	82,371522	81,314100	72,396447	71,726450	73,791826	75,551451	22,545352	22,918318
614,000000	81,216000	158,989684	140,867530	114,576051	96,748078	82,382981	81,330662	72,599780	71,804037	73,797734	75,545312	22,534238	22,879234
615,000000	81,216000	159,018084	140,886010	114,566833	96,787119	82,403925	81,353573	72,574262	71,834555	73,830884	75,558451	22,539793	22,885551
616,000000	81,216000	159,045978	140,901563	114,491575	96,826994	82,420159	81,390495	72,559143	71,860239	73,809602	75,591294	22,531360	22,871420
617,000000	81,216000	159,076159	140,909692	114,470807	96,832113	82,439850	81,418992	72,503915	71,847276	73,843873	75,664168	22,541473	22,901469
618,000000	81,216000	159,099588	140,919206	114,457404	96,837659	82,465854	81,446058	72,524731	71,867221	73,874563	75,640053	22,537283	22,886258
619,000000	81,216000	159,123157	140,920101	114,479630	96,828300	82,488756	81,469311	72,538200	71,821101	73,909040	75,651785	22,545988	22,868929
620,000000	81,216000	159,141439	140,921533	114,523280	96,824640	82,504171	81,475497	72,562655	71,804862	73,894074	75,691090	22,534556	22,834154
621,000000	81,216000	159,162323	140,933326	114,534163	96,846564	82,522450	81,491024	72,474935	71,782598	73,902712	75,743208	22,532857	22,836820
622,000000	81,216000	159,185177	140,945510	114,563524	96,880668	82,537113	81,487304	72,458818	71,773840	73,895095	75,680255	22,507856	22,804868
623,000000	81,216000	159,204256	140,966130	114,598363	96,931441	82,557573	81,497564	72,499893	71,767648	73,895791	75,681431	22,512033	22,768806
624,000000	81,216000	159,221768	140,979513	114,637428	96,961338	82,568136	81,512092	72,534041	71,855896	73,948978	75,720423	22,514695	22,777018
625,000000	81,216000	159,237932	141,005662	114,671586	96,971084	82,588020	81,533324	72,457533	71,914111	74,022816	75,787225	22,515482	22,765591
626,000000	81,216000	159,260358	141,017815	114,704126	96,959290	82,590287	81,529708	72,507589	71,952041	74,128290	75,840207	22,519015	22,823446
627,000000	81,216000	159,272681	141,044570	114,723579	96,963201	82,606723	81,543803	72,593074	71,875999	74,050802	75,850960	22,515858	22,796710
628,000000	81,216000	159,294851	141,057620	114,736206	96,965203	82,618573	81,558276	72,588141	72,010143	74,001483	75,936255	22,521979	22,840993
629,000000	81,216000	159,315944	141,083461	114,741647	96,974630	82,629011	81,575922	72,621318	72,048218	74,099351	75,945225	22,553136	22,923761
630,000000	81,216000	159,342391	141,107991	114,749909	97,018307	82,644772	81,586969	72,784695	72,085763	74,063084	75,900232	22,603670	23,010610
631,000000	81,216000	159,359269	141,113653	114,881252	97,078370	82,662766	81,598873	72,927236	72,062599	74,034351	75,833725	22,611827	23,031349
632,000000	81,216000	159,389349	141,143496	115,146660	97,139297	82,686705	81,626231	72,971398	72,112528	74,048459	75,783315	22,640241	23,088855
633,000000	81,216000	159,405244	141,181289	115,409037	97,195701	82,704924	81,641039	72,973963	72,305367	74,103581	75,725524	22,640432	23,071636
634,000000	81,216000	159,429356	141,232493	115,598532	97,249258	82,720505	81,649167	72,977527	72,332355	74,147847	75,748411	22,632258	23,060294
635,000000	81,216000	159,452843	141,287029	115,788693	97,301388	82,729951	81,649414	72,867655	72,295354	74,190628	75,855615	22,632035	23,071053
636,000000	81,216000	159,476021	141,362078	116,072746	97,363803	82,748127	81,655303	72,991707	72,156251	74,099955	75,733035	22,632315	23,062455
637,000000	81,216000	159,506906	141,431713	116,301230	97,419437	82,763562	81,666702	73,010248	72,161186	74,135755	75,697927	22,632049	23,114567
638,000000	81,216000	159,543955	141,521595	116,512390	97,477407	82,789621	81,677713	73,102847	72,305043	74,136943	75,680830	22,667632	23,146441
